[{"id": 0, "img_name": "frame_0001.png", "width": 1060, "height": 1889, "position": [-3.2320824874520913, 0.42557095016631097, -0.32050754863075287], "rotation": [[0.4367253269905139, -0.40658870415070353, 0.8024690738103746], [0.5444991626016139, 0.8295481720622743, 0.12397778895544508], [-0.7160947218707663, 0.3827994982823139, 0.5836719056316132]], "fy": 1973.0158173771426, "fx": 1978.9973904002768}, {"id": 1, "img_name": "frame_0002.png", "width": 1060, "height": 1889, "position": [-2.9023199358348175, 0.4200148277572674, -0.35998678104827025], "rotation": [[0.5024111982571107, -0.38903193101973604, 0.7721639362939126], [0.5193824890447342, 0.849768843309651, 0.09019281021164754], [-0.6912487381106388, 0.35573454933030185, 0.6289897554596706]], "fy": 1973.0158173771426, "fx": 1978.9973904002768}, {"id": 2, "img_name": "frame_0003.png", "width": 1060, "height": 1889, "position": [-2.66040235260581, 0.49225314710655405, -0.567906192455999], "rotation": [[0.5886742136318228, -0.3587667982790603, 0.7243956478731408], [0.4949276754323479, 0.8684851767727018, 0.02793015963473301], [-0.6391472962440565, 0.3420816893355753, 0.688818445982126]], "fy": 1973.0158173771426, "fx": 1978.9973904002768}, {"id": 3, "img_name": "frame_0004.png", "width": 1060, "height": 1889, "position": [-2.4849461149426824, 0.9152371670375661, -1.17134119113803], "rotation": [[0.6689720774799766, -0.3218249544053118, 0.6700037748208164], [0.45711360182197097, 0.8889212242679466, -0.029431481024903804], [-0.5861087907389453, 0.3259566777472026, 0.741774042178976]], "fy": 1973.0158173771426, "fx": 1978.9973904002768}, {"id": 4, "img_name": "frame_0005.png", "width": 1060, "height": 1889, "position": [-2.151590163664744, 1.258005152150036, -1.6287425599086762], "rotation": [[0.736874682514114, -0.29034760468730175, 0.6105030472668176], [0.4159448417272909, 0.9066245758203194, -0.07086442802340727], [-0.532921749331159, 0.30615379627071776, 0.788837284944649]], "fy": 1973.0158173771426, "fx": 1978.9973904002768}, {"id": 5, "img_name": "frame_0006.png", "width": 1060, "height": 1889, "position": [-1.650007216901917, 1.4597259335751187, -2.024502507251384], "rotation": [[0.8246779272895578, -0.2424788179457702, 0.5109895684737809], [0.3500377901468792, 0.9284456709581089, -0.12434702066489628], [-0.44427453416833174, 0.2814119026032282, 0.8505454011178609]], "fy": 1973.0158173771426, "fx": 1978.9973904002768}, {"id": 6, "img_name": "frame_0007.png", "width": 1060, "height": 1889, "position": [-1.2317150849445682, 1.7473469280357325, -2.5294043702209303], "rotation": [[0.9120635344416793, -0.16885650403404287, 0.3736677537427507], [0.24350872620559325, 0.9562304135715206, -0.16225565143491283], [-0.32991454863870606, 0.23897882166886625, 0.9132609229515295]], "fy": 1973.0158173771426, "fx": 1978.9973904002768}, {"id": 7, "img_name": "frame_0008.png", "width": 1060, "height": 1889, "position": [-0.7106673201106722, 1.8017488631127196, -2.646329816894542], "rotation": [[0.9608368270576839, -0.10657794238523063, 0.2558001836720469], [0.15438881045799932, 0.9724322176333122, -0.17475605086554918], [-0.23012319955859822, 0.20740473549485053, 0.9508031282653758]], "fy": 1973.0158173771426, "fx": 1978.9973904002768}, {"id": 8, "img_name": "frame_0009.png", "width": 1060, "height": 1889, "position": [-0.2381151670452925, 1.8358069020136216, -2.8013267928967784], "rotation": [[0.9900284677725931, -0.04562523132113239, 0.13327404573563675], [0.07016952554094646, 0.9800922798025071, -0.1857292673675389], [-0.1221469225367954, 0.19322903854860285, 0.9735207588831234]], "fy": 1973.0158173771426, "fx": 1978.9973904002768}, {"id": 9, "img_name": "frame_0010.png", "width": 1060, "height": 1889, "position": [0.37817801863489264, 1.973205097914838, -3.0921250961577957], "rotation": [[0.999916359832055, 0.004184737998298903, 0.012237700278156868], [-0.0018890540032778782, 0.983315463161797, -0.1818986843874177], [-0.012794718253447678, 0.18186035267420514, 0.9832411236873835]], "fy": 1973.0158173771426, "fx": 1978.9973904002768}, {"id": 10, "img_name": "frame_0011.png", "width": 1060, "height": 1889, "position": [0.9989946979972582, 1.8954793607560485, -3.021229297401171], "rotation": [[0.9961766814426113, 0.04405188494509223, -0.07544170453251163], [-0.05638676985723769, 0.9838128313105035, -0.17009657590286092], [0.06672744214379372, 0.17370015653877566, 0.9825353449537332]], "fy": 1973.0158173771426, "fx": 1978.9973904002768}, {"id": 11, "img_name": "frame_0012.png", "width": 1060, "height": 1889, "position": [1.6580417702295565, 1.7887559423086123, -2.9602800745868363], "rotation": [[0.980666589716716, 0.09277909356113054, -0.1722935855200681], [-0.12081953827533927, 0.9796728414224567, -0.16013670082209105], [0.1539340085371646, 0.17785714373402342, 0.9719419516815061]], "fy": 1973.0158173771426, "fx": 1978.9973904002768}, {"id": 12, "img_name": "frame_0013.png", "width": 1060, "height": 1889, "position": [2.391494308285101, 1.626740865329413, -2.8699480579277927], "rotation": [[0.949148486078355, 0.13969518228293495, -0.2821389860017654], [-0.18329496491797378, 0.973819059226102, -0.1344596434760563], [0.2559689575141595, 0.17933682258512051, 0.949904309314463]], "fy": 1973.0158173771426, "fx": 1978.9973904002768}, {"id": 13, "img_name": "frame_0014.png", "width": 1060, "height": 1889, "position": [2.8175517032174464, 1.357761359306559, -2.5053788023483983], "rotation": [[0.8865352292104096, 0.19487854450093503, -0.4196160629218618], [-0.24756628838785685, 0.9660097210045264, -0.07440532090259017], [0.3908531952315437, 0.1698457294663426, 0.9046470073787558]], "fy": 1973.0158173771426, "fx": 1978.9973904002768}, {"id": 14, "img_name": "frame_0015.png", "width": 1060, "height": 1889, "position": [3.443220234457939, 1.1528333218277027, -2.2517194106226373], "rotation": [[0.7886212338777507, 0.2644853713787897, -0.5550892160759004], [-0.3180999161380503, 0.9480571722433728, -0.00020374215316957842], [0.5262024257166622, 0.1767345084711055, 0.8317907914165541]], "fy": 1973.0158173771426, "fx": 1978.9973904002768}, {"id": 15, "img_name": "frame_0016.png", "width": 1060, "height": 1889, "position": [3.95048262500884, 0.9113606043416062, -1.9487729555169568], "rotation": [[0.6789942516789146, 0.33046776334359035, -0.6555591991404554], [-0.384421901337231, 0.9207945715844637, 0.06600877754399014], [0.6254491249967971, 0.20719173325996482, 0.7522532669982049]], "fy": 1973.0158173771426, "fx": 1978.9973904002768}, {"id": 16, "img_name": "frame_0017.png", "width": 1060, "height": 1889, "position": [4.220350885439993, 0.5179309959326283, -1.50468292380454], "rotation": [[0.5701971805105992, 0.3693897536218639, -0.7337754324430205], [-0.42991075411538043, 0.8953062535426736, 0.11663385384752906], [0.7000370838989229, 0.24895365489697208, 0.6693057290056103]], "fy": 1973.0158173771426, "fx": 1978.9973904002768}, {"id": 17, "img_name": "frame_0018.png", "width": 1060, "height": 1889, "position": [4.583843339369891, 0.15239620863916464, -0.9915732356173411], "rotation": [[0.43936413866952195, 0.41341987131355407, -0.7975231430211119], [-0.4704677726255508, 0.862208830533382, 0.18776583147902834], [0.7652576223546826, 0.2927113638951213, 0.573324366196585]], "fy": 1973.0158173771426, "fx": 1978.9973904002768}, {"id": 18, "img_name": "frame_0019.png", "width": 1060, "height": 1889, "position": [4.69343070216934, -0.19165325656600257, -0.48478429703096393], "rotation": [[0.3065758746572539, 0.45694554074787186, -0.8349922190468452], [-0.5030887198405366, 0.8224798140592847, 0.2653840527126951], [0.8080303045352627, 0.3387148184766052, 0.48203661551484944]], "fy": 1973.0158173771426, "fx": 1978.9973904002768}, {"id": 19, "img_name": "frame_0020.png", "width": 1060, "height": 1889, "position": [4.5693261100578555, -0.6342936619510481, 0.10244750849233411], "rotation": [[0.21096873104664474, 0.4806516838901009, -0.8511557749872695], [-0.5049031492615218, 0.7991836938418656, 0.32615676194595256], [0.8369976131306266, 0.36094235311318323, 0.41128531865695406]], "fy": 1973.0158173771426, "fx": 1978.9973904002768}, {"id": 20, "img_name": "frame_0021.png", "width": 1060, "height": 1889, "position": [4.520173307071448, -1.060909398777901, 0.7786090206149368], "rotation": [[0.06668812512724526, 0.5135333626494417, -0.8554742424018211], [-0.49681147417256366, 0.760632274470183, 0.4178718729046027], [0.8652924667980745, 0.3971423277368873, 0.3058544072303517]], "fy": 1973.0158173771426, "fx": 1978.9973904002768}, {"id": 21, "img_name": "frame_0022.png", "width": 1060, "height": 1889, "position": [4.247838480877025, -1.40646823761098, 1.3488014005710216], "rotation": [[-0.11990074238609306, 0.5383448554477926, -0.8341514422382537], [-0.47649108548647645, 0.7059084746700404, 0.5240701010751675], [0.8709650150420412, 0.4603021203534829, 0.1718775743688067]], "fy": 1973.0158173771426, "fx": 1978.9973904002768}, {"id": 22, "img_name": "frame_0023.png", "width": 1060, "height": 1889, "position": [3.9123583746215638, -1.7261603026026888, 1.9019148102033323], "rotation": [[-0.3193070974754049, 0.5520000753608246, -0.770284943578333], [-0.44122930234808727, 0.6327551851811984, 0.6363470581182309], [0.8386654161530996, 0.543062420379049, 0.04151538655482745]], "fy": 1973.0158173771426, "fx": 1978.9973904002768}, {"id": 23, "img_name": "frame_0024.png", "width": 1060, "height": 1889, "position": [3.517940920519352, -2.012428543392305, 2.3920786506502014], "rotation": [[-0.5082467535473542, 0.540612691672533, -0.6703903005795607], [-0.3934067971602902, 0.546720933110967, 0.7391395762955436], [0.7661046465442284, 0.6394013910689063, -0.06518843181493451]], "fy": 1973.0158173771426, "fx": 1978.9973904002768}, {"id": 24, "img_name": "frame_0025.png", "width": 1060, "height": 1889, "position": [3.004987003673778, -2.1365777484604482, 2.607372348180875], "rotation": [[-0.6461484849116071, 0.5002570803922974, -0.5763982902158962], [-0.3364711668110012, 0.4911561762893494, 0.8034629825932673], [0.6850396261175535, 0.7130977941420095, -0.14903773561928008]], "fy": 1973.0158173771426, "fx": 1978.9973904002768}, {"id": 25, "img_name": "frame_0026.png", "width": 1060, "height": 1889, "position": [2.675372268497728, -2.259178871917344, 2.8324428386237734], "rotation": [[-0.7509287986644735, 0.4593574998702885, -0.4744434915237514], [-0.2702347096656958, 0.44178451351235515, 0.8554528890082425], [0.6025604874435654, 0.7705953094417131, -0.20761437339019428]], "fy": 1973.0158173771426, "fx": 1978.9973904002768}, {"id": 26, "img_name": "frame_0027.png", "width": 1060, "height": 1889, "position": [2.333981262022564, -2.2649552202235714, 2.9520619160084705], "rotation": [[-0.8182083757778923, 0.42736981844825933, -0.384564808694718], [-0.20597810069781874, 0.4065890450720472, 0.8900889677219463], [0.5367569988736266, 0.8074901774677526, -0.24464573867793968]], "fy": 1973.0158173771426, "fx": 1978.9973904002768}, {"id": 27, "img_name": "frame_0028.png", "width": 1060, "height": 1889, "position": [2.0181361031085157, -2.4263034873354115, 3.208827814560697], "rotation": [[-0.8783493054915696, 0.3796504530093087, -0.29046175492188764], [-0.13252456588932301, 0.3904175616918491, 0.9110495963219771], [0.4592817620789253, 0.838713098176258, -0.2926099826890039]], "fy": 1973.0158173771426, "fx": 1978.9973904002768}, {"id": 28, "img_name": "frame_0029.png", "width": 1060, "height": 1889, "position": [1.6838240292167534, -2.600086073727954, 3.519533847237939], "rotation": [[-0.9220016884839193, 0.3317516431968522, -0.19963399928115852], [-0.06792374273023054, 0.36901798539569935, 0.9269369404808596], [0.3811813893756075, 0.8681973126488517, -0.3177013923529348]], "fy": 1973.0158173771426, "fx": 1978.9973904002768}, {"id": 29, "img_name": "frame_0030.png", "width": 1060, "height": 1889, "position": [1.311718741538758, -2.584091397900247, 3.583988689920692], "rotation": [[-0.9399610438956048, 0.3075511976914258, -0.1479374758377824], [-0.0307821391590829, 0.3553080985746616, 0.9342422678278098], [0.3398907116522541, 0.8827051692869075, -0.3245086874749211]], "fy": 1973.0158173771426, "fx": 1978.9973904002768}, {"id": 30, "img_name": "frame_0031.png", "width": 1060, "height": 1889, "position": [0.9838117112958077, -2.5589519396311156, 3.6112411102283257], "rotation": [[-0.9680881829311838, 0.24459429287125217, -0.05457931809586952], [0.03134666610785153, 0.3342590685140968, 0.9419597983141377], [0.2486416228086538, 0.9101892698834128, -0.33125946989660304]], "fy": 1973.0158173771426, "fx": 1978.9973904002768}, {"id": 31, "img_name": "frame_0032.png", "width": 1060, "height": 1889, "position": [0.5524986469477586, -2.5651781501593196, 3.6957914611941898], "rotation": [[-0.9866394023040167, 0.15434369848481747, 0.052160450143765906], [0.10025016280583537, 0.3227866223685135, 0.941147544903205], [0.12842349737713907, 0.9338023448021291, -0.33394698106656007]], "fy": 1973.0158173771426, "fx": 1978.9973904002768}, {"id": 32, "img_name": "frame_0033.png", "width": 1060, "height": 1889, "position": [0.17475691778354788, -2.4895751082788458, 3.61891321101127], "rotation": [[-0.9868620593945702, 0.08895806604835016, 0.13486933755470393], [0.1570205950555498, 0.33148887856577647, 0.9303008417257316], [0.038050078264155456, 0.9392558681595453, -0.3411020458337213]], "fy": 1973.0158173771426, "fx": 1978.9973904002768}, {"id": 33, "img_name": "frame_0034.png", "width": 1060, "height": 1889, "position": [-0.19565409911300685, -2.398316233718144, 3.556875361451073], "rotation": [[-0.9583866664601908, -0.016206548466799003, 0.28501288626677135], [0.26367660676675286, 0.3323715798938498, 0.9055406009245732], [-0.10940587093613126, 0.9430092686000806, -0.31426720277344683]], "fy": 1973.0158173771426, "fx": 1978.9973904002768}, {"id": 34, "img_name": "frame_0035.png", "width": 1060, "height": 1889, "position": [-0.638596520629906, -2.2817885938579554, 3.4719245852520007], "rotation": [[-0.915147878508328, -0.09690289985126091, 0.3912980813422458], [0.3409778145242917, 0.33170362532115827, 0.8796060680503736], [-0.21503137088328322, 0.9383935917029789, -0.2705161299938302]], "fy": 1973.0158173771426, "fx": 1978.9973904002768}, {"id": 35, "img_name": "frame_0036.png", "width": 1060, "height": 1889, "position": [-0.9792819739023756, -2.174579261304545, 3.3280554109666536], "rotation": [[-0.8817453519802059, -0.1429805169214636, 0.44953498867404473], [0.3805720458085445, 0.347461706898806, 0.8569919954048971], [-0.2787293529759677, 0.9267291589347122, -0.2519583572135661]], "fy": 1973.0158173771426, "fx": 1978.9973904002768}, {"id": 36, "img_name": "frame_0037.png", "width": 1060, "height": 1889, "position": [-1.444772823518099, -2.0885295572951925, 3.236168398308261], "rotation": [[-0.812583126611267, -0.21797383102581736, 0.5405516361408835], [0.44238925252943206, 0.3731680254158718, 0.8154982366956225], [-0.379473861541356, 0.9017943411860311, -0.20680076066529382]], "fy": 1973.0158173771426, "fx": 1978.9973904002768}, {"id": 37, "img_name": "frame_0038.png", "width": 1060, "height": 1889, "position": [-1.737858127934181, -1.9251585000517764, 3.03742799039758], "rotation": [[-0.7624446455747169, -0.2561049624107979, 0.5942124289031723], [0.4818950409641443, 0.38809307141895066, 0.7855959122925543], [-0.431804738196108, 0.885321419680541, -0.17248377293595288]], "fy": 1973.0158173771426, "fx": 1978.9973904002768}, {"id": 38, "img_name": "frame_0039.png", "width": 1060, "height": 1889, "position": [-2.040858605274781, -1.748342436010837, 2.7966027822075783], "rotation": [[-0.6705155736341509, -0.31548807739308826, 0.6714731108070361], [0.5399770435605731, 0.41312936006222295, 0.7333136602315281], [-0.5087569733592341, 0.8542782947479063, -0.10665335053790208]], "fy": 1973.0158173771426, "fx": 1978.9973904002768}, {"id": 39, "img_name": "frame_0040.png", "width": 1060, "height": 1889, "position": [-2.496516413669463, -1.5223215073979952, 2.5284217648931264], "rotation": [[-0.5420395049761234, -0.385508428627683, 0.7467104033708474], [0.5909038503251992, 0.4569513873895898, 0.6648519152665376], [-0.5975163719230573, 0.8016100554632181, -0.019887289009890792]], "fy": 1973.0158173771426, "fx": 1978.9973904002768}, {"id": 40, "img_name": "frame_0041.png", "width": 1060, "height": 1889, "position": [-2.6321559409668085, -1.299061657017869, 2.1867715249849478], "rotation": [[-0.45654094532876716, -0.4161476141815087, 0.7863787436403359], [0.618175796633828, 0.48729857896392365, 0.616764768283559], [-0.6398664311357856, 0.7676986766634278, 0.03478062901636672]], "fy": 1973.0158173771426, "fx": 1978.9973904002768}, {"id": 41, "img_name": "frame_0042.png", "width": 1060, "height": 1889, "position": [-2.7854663465744385, -1.0499238773302904, 1.8526314699114392], "rotation": [[-0.30799643360279966, -0.46321869403604327, 0.8310033925222557], [0.6493707776255762, 0.5360057830211696, 0.5394584263257156], [-0.6953098518314769, 0.7057805905969685, 0.13571281399589322]], "fy": 1973.0158173771426, "fx": 1978.9973904002768}, {"id": 42, "img_name": "frame_0043.png", "width": 1060, "height": 1889, "position": [-2.9769237041545824, -0.7614033239211685, 1.452731031627741], "rotation": [[-0.1444358430851611, -0.5067835010908933, 0.8498875044700532], [0.6573815623175363, 0.5928133645045811, 0.46521156089430277], [-0.7395862145532683, 0.6258935994934084, 0.24752663160951238]], "fy": 1973.0158173771426, "fx": 1978.9973904002768}, {"id": 43, "img_name": "frame_0044.png", "width": 1060, "height": 1889, "position": [-2.96885148367229, -0.47644863688264744, 1.0774301136377458], "rotation": [[-0.0297534680297211, -0.5225046264363931, 0.8521171553799215], [0.6530244657397729, 0.6352517060271449, 0.4123279242725214], [-0.7567521247314, 0.5687215358522721, 0.322307363199081]], "fy": 1973.0158173771426, "fx": 1978.9973904002768}, {"id": 44, "img_name": "frame_0045.png", "width": 1060, "height": 1889, "position": [-3.149855577826136, -0.12970251966836716, 0.6167404839629929], "rotation": [[0.12705598325340836, -0.518917733353786, 0.8453290265514833], [0.6417715143760561, 0.692817671415154, 0.3288358215133308], [-0.7562976269002653, 0.5007275308846644, 0.4210532500280389]], "fy": 1973.0158173771426, "fx": 1978.9973904002768}, {"id": 45, "img_name": "frame_0046.png", "width": 1060, "height": 1889, "position": [-3.097594550042954, 0.12230640169050047, 0.2609340435353022], "rotation": [[0.23927786583882538, -0.5053561031997821, 0.8290725612866149], [0.6239619175059986, 0.7342526606338441, 0.2674781408907246], [-0.7439204449548716, 0.45330810638113667, 0.49101337279884105]], "fy": 1973.0158173771426, "fx": 1978.9973904002768}, {"id": 46, "img_name": "frame_0047.png", "width": 1060, "height": 1889, "position": [-2.8748607771528265, 0.36093633745083753, -0.06685844660929476], "rotation": [[0.32412318909460697, -0.50276915298736, 0.8013534408084327], [0.599484831036977, 0.7644486740408788, 0.23714164989244127], [-0.7318210817185501, 0.40353612423364876, 0.5491780228585048]], "fy": 1973.0158173771426, "fx": 1978.9973904002768}, {"id": 47, "img_name": "frame_0048.png", "width": 1060, "height": 1889, "position": [-2.7262405393102953, 0.6501067805636203, -0.4364894978329065], "rotation": [[0.46154374552420524, -0.47834893294812475, 0.7471008428016114], [0.5432051953699057, 0.8182125111665571, 0.18829870497074336], [-0.7013597412816268, 0.3189209697055164, 0.6374824926156504]], "fy": 1973.0158173771426, "fx": 1978.9973904002768}, {"id": 48, "img_name": "frame_0049.png", "width": 1060, "height": 1889, "position": [-2.4401716730566263, 0.8548912969073433, -0.724395475436046], "rotation": [[0.5799976582259804, -0.43843902098008647, 0.6865667784960193], [0.4963448746158144, 0.858497782266349, 0.12893146740176345], [-0.6459446430577395, 0.2659939524233283, 0.7155436642017212]], "fy": 1973.0158173771426, "fx": 1978.9973904002768}, {"id": 49, "img_name": "frame_0050.png", "width": 1060, "height": 1889, "position": [-2.1039290901163783, 1.097824075511169, -1.0954106915523598], "rotation": [[0.6918941623568151, -0.3934415510743368, 0.6053810485840974], [0.435200628897961, 0.8963008568621121, 0.08511866184957777], [-0.5760927709174801, 0.20456910782535964, 0.7913713410404472]], "fy": 1973.0158173771426, "fx": 1978.9973904002768}, {"id": 50, "img_name": "frame_0051.png", "width": 1060, "height": 1889, "position": [-1.8958676772541745, 1.3026772109406495, -1.4422470894896258], "rotation": [[0.7952457282384564, -0.3275907386330557, 0.5101652082221368], [0.35184990826368795, 0.9346283683295024, 0.05168612162434512], [-0.4937467708991337, 0.1383984142813103, 0.8585219887405897]], "fy": 1973.0158173771426, "fx": 1978.9973904002768}, {"id": 51, "img_name": "frame_0052.png", "width": 1060, "height": 1889, "position": [-1.580362396923807, 1.4096632192145468, -1.5750906284267], "rotation": [[0.8582654373679338, -0.28374288197730635, 0.4276335065764163], [0.30069535109990647, 0.9532786522105717, 0.029019253375990338], [-0.4158878993749799, 0.10368118521124438, 0.9034862848912861]], "fy": 1973.0158173771426, "fx": 1978.9973904002768}, {"id": 52, "img_name": "frame_0053.png", "width": 1060, "height": 1889, "position": [-1.2936104619830526, 1.5283984302241858, -1.8320844891365162], "rotation": [[0.9150723682278115, -0.23342169688869543, 0.32887212154201606], [0.24096618464009129, 0.9703619032645778, 0.018250330209174093], [-0.32338500083637467, 0.0625466874770235, 0.9441981005698485]], "fy": 1973.0158173771426, "fx": 1978.9973904002768}, {"id": 53, "img_name": "frame_0054.png", "width": 1060, "height": 1889, "position": [-0.9300963508063305, 1.719130656847121, -2.1761490179257454], "rotation": [[0.9525780753691524, -0.17594321428466328, 0.24827201951323968], [0.17919154535108592, 0.9837669807974875, 0.00963937587634321], [-0.24593779782841657, 0.03530598872396554, 0.9686423936414986]], "fy": 1973.0158173771426, "fx": 1978.9973904002768}, {"id": 54, "img_name": "frame_0055.png", "width": 1060, "height": 1889, "position": [-0.5408121555394613, 1.7208599605420447, -2.2058406761635934], "rotation": [[0.9729717079074579, -0.1381825633637914, 0.1850179310063105], [0.13981782639342255, 0.9901681500476041, 0.0042438253880245], [-0.1837852851407393, 0.021739682921263333, 0.9827259817223822]], "fy": 1973.0158173771426, "fx": 1978.9973904002768}, {"id": 55, "img_name": "frame_0056.png", "width": 1060, "height": 1889, "position": [-0.20687229322144243, 1.7180820426892036, -2.2734354352749793], "rotation": [[0.9933652911896592, -0.07116976090838656, 0.09033417621214332], [0.07128776172072518, 0.9974539361082259, 0.0019236348552755373], [-0.09024108426062141, 0.004528849130895911, 0.9959096526477776]], "fy": 1973.0158173771426, "fx": 1978.9973904002768}, {"id": 56, "img_name": "frame_0057.png", "width": 1060, "height": 1889, "position": [0.25880344891446055, 1.8085353862036548, -2.4891831932321637], "rotation": [[0.9997359237758828, 0.02033698517738082, -0.010699988125093322], [-0.020332634864224406, 0.9997931378637926, 0.0005152086465379285], [0.010708252493300272, -0.0002975136405848586, 0.9999426207608981]], "fy": 1973.0158173771426, "fx": 1978.9973904002768}, {"id": 57, "img_name": "frame_0058.png", "width": 1060, "height": 1889, "position": [0.6289496583751187, 1.7728633538945722, -2.4326515388445427], "rotation": [[0.9922370565766002, 0.08853780850394509, -0.0873308652282987], [-0.08818451943680604, 0.9960728069839098, 0.007902766534212766], [0.08768759369434252, -0.00014018742256134242, 0.9961480142326151]], "fy": 1973.0158173771426, "fx": 1978.9973904002768}, {"id": 58, "img_name": "frame_0059.png", "width": 1060, "height": 1889, "position": [1.0120826627208956, 1.6723497587655927, -2.3470803175980466], "rotation": [[0.9692335779273412, 0.1649859961059204, -0.1826633310412956], [-0.16311607878658926, 0.9862819160863467, 0.025320482663880168], [0.1843350651923066, 0.005253864290393018, 0.9828494191129006]], "fy": 1973.0158173771426, "fx": 1978.9973904002768}, {"id": 59, "img_name": "frame_0060.png", "width": 1060, "height": 1889, "position": [1.4251199326940913, 1.6099215652499541, -2.324770518525173], "rotation": [[0.9363304420247139, 0.23184243880548763, -0.2636937369497563], [-0.228252744600653, 0.972579069403764, 0.044616570239961434], [0.2668070237457639, 0.01841296625837472, 0.963574062931073]], "fy": 1973.0158173771426, "fx": 1978.9973904002768}, {"id": 60, "img_name": "frame_0061.png", "width": 1060, "height": 1889, "position": [1.5391228829776524, 1.571012863437245, -2.259406588309438], "rotation": [[0.9237365599664616, 0.24671050457564556, -0.2929926530023545], [-0.24249375271813758, 0.9687989403259727, 0.051238590104989844], [0.2964920701705232, 0.02371792898426919, 0.9547407565254009]], "fy": 1973.0158173771426, "fx": 1978.9973904002768}]