[{"id": 0, "img_name": "frame_0001.png", "width": 1060, "height": 1889, "position": [-3.2320824874520984, 0.4255709501663075, -0.3205075486307452], "rotation": [[0.4367253269905129, -0.4065887041507034, 0.802469073810375], [0.5444991626016137, 0.8295481720622742, 0.12397778895544552], [-0.7160947218707665, 0.38279949828231413, 0.5836719056316123]], "fy": 1973.015817377144, "fx": 1978.9973904002773}, {"id": 1, "img_name": "frame_0002.png", "width": 1060, "height": 1889, "position": [-2.9023199358348246, 0.42001482775726495, -0.3599867810482648], "rotation": [[0.5024111982571106, -0.38903193101973593, 0.7721639362939129], [0.5193824890447339, 0.8497688433096512, 0.09019281021164773], [-0.6912487381106391, 0.3557345493303017, 0.6289897554596704]], "fy": 1973.015817377144, "fx": 1978.9973904002773}, {"id": 2, "img_name": "frame_0003.png", "width": 1060, "height": 1889, "position": [-2.660402352605816, 0.4922531471065514, -0.5679061924559927], "rotation": [[0.5886742136318219, -0.3587667982790602, 0.7243956478731413], [0.49492767543234795, 0.8684851767727017, 0.027930159634733217], [-0.6391472962440571, 0.3420816893355756, 0.6888184459821255]], "fy": 1973.015817377144, "fx": 1978.9973904002773}, {"id": 3, "img_name": "frame_0004.png", "width": 1060, "height": 1889, "position": [-2.484946114942688, 0.9152371670375649, -1.1713411911380274], "rotation": [[0.6689720774799766, -0.3218249544053117, 0.6700037748208164], [0.4571136018219708, 0.8889212242679468, -0.029431481024903804], [-0.5861087907389453, 0.3259566777472025, 0.741774042178976]], "fy": 1973.015817377144, "fx": 1978.9973904002773}, {"id": 4, "img_name": "frame_0005.png", "width": 1060, "height": 1889, "position": [-2.151590163664749, 1.258005152150035, -1.6287425599086742], "rotation": [[0.736874682514114, -0.29034760468730153, 0.6105030472668176], [0.41594484172729074, 0.9066245758203195, -0.07086442802340714], [-0.532921749331159, 0.30615379627071765, 0.7888372849446489]], "fy": 1973.015817377144, "fx": 1978.9973904002773}, {"id": 5, "img_name": "frame_0006.png", "width": 1060, "height": 1889, "position": [-1.6500072169019215, 1.4597259335751185, -2.0245025072513836], "rotation": [[0.8246779272895578, -0.2424788179457702, 0.5109895684737809], [0.35003779014687897, 0.9284456709581093, -0.1243470206648962], [-0.4442745341683318, 0.28141190260322796, 0.8505454011178609]], "fy": 1973.015817377144, "fx": 1978.9973904002773}, {"id": 6, "img_name": "frame_0007.png", "width": 1060, "height": 1889, "position": [-1.2317150849445713, 1.747346928035732, -2.5294043702209295], "rotation": [[0.9120635344416791, -0.16885650403404281, 0.37366775374275074], [0.2435087262055932, 0.9562304135715207, -0.1622556514349126], [-0.3299145486387061, 0.23897882166886605, 0.9132609229515293]], "fy": 1973.015817377144, "fx": 1978.9973904002773}, {"id": 7, "img_name": "frame_0008.png", "width": 1060, "height": 1889, "position": [-0.7106673201106742, 1.8017488631127194, -2.646329816894542], "rotation": [[0.9608368270576839, -0.10657794238523062, 0.2558001836720469], [0.15438881045799926, 0.9724322176333122, -0.17475605086554905], [-0.23012319955859822, 0.2074047354948504, 0.9508031282653758]], "fy": 1973.015817377144, "fx": 1978.9973904002773}, {"id": 8, "img_name": "frame_0009.png", "width": 1060, "height": 1889, "position": [-0.2381151670452937, 1.835806902013622, -2.8013267928967793], "rotation": [[0.9900284677725931, -0.04562523132113232, 0.13327404573563684], [0.07016952554094642, 0.9800922798025071, -0.1857292673675388], [-0.12214692253679552, 0.1932290385486028, 0.9735207588831236]], "fy": 1973.015817377144, "fx": 1978.9973904002773}, {"id": 9, "img_name": "frame_0010.png", "width": 1060, "height": 1889, "position": [0.37817801863489287, 1.9732050979148383, -3.0921250961577966], "rotation": [[0.999916359832055, 0.004184737998298905, 0.012237700278156854], [-0.0018890540032778856, 0.983315463161797, -0.18189868438741758], [-0.012794718253447666, 0.18186035267420503, 0.9832411236873835]], "fy": 1973.015817377144, "fx": 1978.9973904002773}, {"id": 10, "img_name": "frame_0011.png", "width": 1060, "height": 1889, "position": [0.9989946979972596, 1.8954793607560487, -3.0212292974011716], "rotation": [[0.9961766814426113, 0.04405188494509227, -0.07544170453251167], [-0.05638676985723773, 0.9838128313105035, -0.17009657590286087], [0.06672744214379375, 0.1737001565387756, 0.9825353449537332]], "fy": 1973.015817377144, "fx": 1978.9973904002773}, {"id": 11, "img_name": "frame_0012.png", "width": 1060, "height": 1889, "position": [1.6580417702295593, 1.7887559423086121, -2.9602800745868367], "rotation": [[0.980666589716716, 0.09277909356113055, -0.17229358552006815], [-0.12081953827533927, 0.9796728414224567, -0.16013670082209092], [0.15393400853716463, 0.1778571437340233, 0.9719419516815061]], "fy": 1973.015817377144, "fx": 1978.9973904002773}, {"id": 12, "img_name": "frame_0013.png", "width": 1060, "height": 1889, "position": [2.3914943082851052, 1.6267408653294129, -2.8699480579277927], "rotation": [[0.9491484860783549, 0.13969518228293487, -0.28213898600176573], [-0.18329496491797373, 0.973819059226102, -0.13445964347605624], [0.2559689575141598, 0.1793368225851205, 0.949904309314463]], "fy": 1973.015817377144, "fx": 1978.9973904002773}, {"id": 13, "img_name": "frame_0014.png", "width": 1060, "height": 1889, "position": [2.817551703217451, 1.3577613593065583, -2.5053788023483974], "rotation": [[0.8865352292104096, 0.19487854450093495, -0.4196160629218618], [-0.24756628838785685, 0.9660097210045264, -0.07440532090259018], [0.39085319523154377, 0.16984572946634258, 0.9046470073787558]], "fy": 1973.015817377144, "fx": 1978.9973904002773}, {"id": 14, "img_name": "frame_0015.png", "width": 1060, "height": 1889, "position": [3.443220234457945, 1.1528333218277016, -2.251719410622636], "rotation": [[0.7886212338777505, 0.2644853713787896, -0.5550892160759007], [-0.31809991613805016, 0.9480571722433728, -0.00020374215316949892], [0.5262024257166624, 0.17673450847110553, 0.831790791416554]], "fy": 1973.015817377144, "fx": 1978.9973904002773}, {"id": 15, "img_name": "frame_0016.png", "width": 1060, "height": 1889, "position": [3.9504826250088483, 0.9113606043416044, -1.9487729555169553], "rotation": [[0.6789942516789145, 0.3304677633435903, -0.6555591991404558], [-0.3844219013372308, 0.9207945715844639, 0.06600877754399027], [0.6254491249967973, 0.2071917332599648, 0.7522532669982048]], "fy": 1973.015817377144, "fx": 1978.9973904002773}, {"id": 16, "img_name": "frame_0017.png", "width": 1060, "height": 1889, "position": [4.22035088544, 0.5179309959326254, -1.5046829238045365], "rotation": [[0.570197180510599, 0.3693897536218639, -0.7337754324430207], [-0.42991075411538054, 0.8953062535426736, 0.11663385384752911], [0.7000370838989232, 0.24895365489697208, 0.6693057290056101]], "fy": 1973.015817377144, "fx": 1978.9973904002773}, {"id": 17, "img_name": "frame_0018.png", "width": 1060, "height": 1889, "position": [4.5838433393699, 0.15239620863916212, -0.9915732356173369], "rotation": [[0.4393641386695219, 0.413419871313554, -0.7975231430211122], [-0.4704677726255506, 0.8622088305333822, 0.1877658314790283], [0.7652576223546829, 0.2927113638951213, 0.5733243661965848]], "fy": 1973.015817377144, "fx": 1978.9973904002773}, {"id": 18, "img_name": "frame_0019.png", "width": 1060, "height": 1889, "position": [4.693430702169348, -0.1916532565660076, -0.4847842970309578], "rotation": [[0.3065758746572534, 0.45694554074787186, -0.8349922190468453], [-0.5030887198405366, 0.8224798140592845, 0.26538405271269544], [0.8080303045352629, 0.3387148184766053, 0.482036615514849]], "fy": 1973.015817377144, "fx": 1978.9973904002773}, {"id": 19, "img_name": "frame_0020.png", "width": 1060, "height": 1889, "position": [4.569326110057865, -0.634293661951052, 0.10244750849234026], "rotation": [[0.21096873104664463, 0.48065168389010055, -0.8511557749872694], [-0.5049031492615216, 0.7991836938418657, 0.32615676194595244], [0.8369976131306266, 0.36094235311318323, 0.4112853186569537]], "fy": 1973.015817377144, "fx": 1978.9973904002773}, {"id": 20, "img_name": "frame_0021.png", "width": 1060, "height": 1889, "position": [4.520173307071455, -1.060909398777905, 0.7786090206149424], "rotation": [[0.06668812512724562, 0.5135333626494417, -0.855474242401821], [-0.49681147417256366, 0.7606322744701829, 0.41787187290460265], [0.8652924667980748, 0.3971423277368871, 0.30585440723035195]], "fy": 1973.015817377144, "fx": 1978.9973904002773}, {"id": 21, "img_name": "frame_0022.png", "width": 1060, "height": 1889, "position": [4.247838480877032, -1.4064682376109832, 1.3488014005710296], "rotation": [[-0.1199007423860928, 0.5383448554477924, -0.834151442238254], [-0.47649108548647634, 0.7059084746700406, 0.5240701010751674], [0.8709650150420415, 0.46030212035348267, 0.1718775743688066]], "fy": 1973.015817377144, "fx": 1978.9973904002773}, {"id": 22, "img_name": "frame_0023.png", "width": 1060, "height": 1889, "position": [3.9123583746215744, -1.7261603026026933, 1.9019148102033394], "rotation": [[-0.31930709747540414, 0.552000075360825, -0.7702849435783334], [-0.44122930234808755, 0.6327551851811988, 0.6363470581182307], [0.8386654161531002, 0.5430624203790485, 0.041515386554827984]], "fy": 1973.015817377144, "fx": 1978.9973904002773}, {"id": 23, "img_name": "frame_0024.png", "width": 1060, "height": 1889, "position": [3.517940920519358, -2.0124285433923106, 2.3920786506502107], "rotation": [[-0.508246753547354, 0.540612691672533, -0.670390300579561], [-0.39340679716029026, 0.5467209331109673, 0.7391395762955436], [0.7661046465442287, 0.6394013910689061, -0.06518843181493454]], "fy": 1973.015817377144, "fx": 1978.9973904002773}, {"id": 24, "img_name": "frame_0025.png", "width": 1060, "height": 1889, "position": [3.0049870036737842, -2.136577748460454, 2.6073723481808875], "rotation": [[-0.6461484849116074, 0.5002570803922974, -0.5763982902158964], [-0.33647116681100103, 0.4911561762893499, 0.8034629825932671], [0.6850396261175539, 0.7130977941420092, -0.1490377356192807]], "fy": 1973.015817377144, "fx": 1978.9973904002773}, {"id": 25, "img_name": "frame_0026.png", "width": 1060, "height": 1889, "position": [2.6753722684977284, -2.2591788719173485, 2.832442838623783], "rotation": [[-0.7509287986644736, 0.45935749987028796, -0.47444349152375126], [-0.2702347096656955, 0.4417845135123554, 0.8554528890082425], [0.602560487443565, 0.770595309441713, -0.20761437339019467]], "fy": 1973.015817377144, "fx": 1978.9973904002773}, {"id": 26, "img_name": "frame_0027.png", "width": 1060, "height": 1889, "position": [2.3339812620225677, -2.264955220223577, 2.9520619160084838], "rotation": [[-0.8182083757778924, 0.42736981844825916, -0.38456480869471804], [-0.20597810069781852, 0.40658904507204774, 0.890088967721946], [0.5367569988736267, 0.8074901774677522, -0.24464573867794048]], "fy": 1973.015817377144, "fx": 1978.9973904002773}, {"id": 27, "img_name": "frame_0028.png", "width": 1060, "height": 1889, "position": [2.0181361031085205, -2.4263034873354203, 3.208827814560712], "rotation": [[-0.8783493054915699, 0.3796504530093089, -0.29046175492188786], [-0.13252456588932277, 0.39041756169184966, 0.911049596321977], [0.45928176207892557, 0.8387130981762577, -0.2926099826890047]], "fy": 1973.015817377144, "fx": 1978.9973904002773}, {"id": 28, "img_name": "frame_0029.png", "width": 1060, "height": 1889, "position": [1.6838240292167548, -2.60008607372796, 3.519533847237951], "rotation": [[-0.9220016884839191, 0.33175164319685213, -0.19963399928115844], [-0.06792374273023037, 0.3690179853956999, 0.9269369404808595], [0.3811813893756074, 0.8681973126488512, -0.3177013923529351]], "fy": 1973.015817377144, "fx": 1978.9973904002773}, {"id": 29, "img_name": "frame_0030.png", "width": 1060, "height": 1889, "position": [1.3117187415387577, -2.584091397900251, 3.583988689920704], "rotation": [[-0.9399610438956044, 0.3075511976914255, -0.1479374758377821], [-0.030782139159082584, 0.35530809857466206, 0.9342422678278097], [0.3398907116522539, 0.8827051692869072, -0.3245086874749214]], "fy": 1973.015817377144, "fx": 1978.9973904002773}, {"id": 30, "img_name": "frame_0031.png", "width": 1060, "height": 1889, "position": [0.9838117112958088, -2.5589519396311236, 3.6112411102283395], "rotation": [[-0.9680881829311836, 0.2445942928712525, -0.05457931809586929], [0.03134666610785186, 0.334259068514097, 0.9419597983141375], [0.248641622808654, 0.9101892698834126, -0.3312594698966032]], "fy": 1973.015817377144, "fx": 1978.9973904002773}, {"id": 31, "img_name": "frame_0032.png", "width": 1060, "height": 1889, "position": [0.5524986469477587, -2.565178150159327, 3.6957914611942027], "rotation": [[-0.9866394023040168, 0.15434369848481763, 0.052160450143766045], [0.10025016280583558, 0.32278662236851374, 0.9411475449032048], [0.12842349737713912, 0.933802344802129, -0.3339469810665605]], "fy": 1973.015817377144, "fx": 1978.9973904002773}, {"id": 32, "img_name": "frame_0033.png", "width": 1060, "height": 1889, "position": [0.17475691778354743, -2.489575108278853, 3.618913211011283], "rotation": [[-0.9868620593945707, 0.0889580660483502, 0.13486933755470396], [0.15702059505554986, 0.3314888785657766, 0.9303008417257317], [0.038050078264155456, 0.9392558681595453, -0.34110204583372195]], "fy": 1973.015817377144, "fx": 1978.9973904002773}, {"id": 33, "img_name": "frame_0034.png", "width": 1060, "height": 1889, "position": [-0.19565409911300782, -2.398316233718149, 3.556875361451085], "rotation": [[-0.9583866664601907, -0.016206548466798847, 0.28501288626677135], [0.26367660676675286, 0.3323715798938502, 0.905540600924573], [-0.10940587093613119, 0.9430092686000806, -0.31426720277344716]], "fy": 1973.015817377144, "fx": 1978.9973904002773}, {"id": 34, "img_name": "frame_0035.png", "width": 1060, "height": 1889, "position": [-0.6385965206299093, -2.281788593857962, 3.471924585252016], "rotation": [[-0.915147878508328, -0.09690289985126073, 0.39129808134224603], [0.3409778145242917, 0.33170362532115916, 0.8796060680503731], [-0.2150313708832834, 0.9383935917029786, -0.2705161299938308]], "fy": 1973.015817377144, "fx": 1978.9973904002773}, {"id": 35, "img_name": "frame_0036.png", "width": 1060, "height": 1889, "position": [-0.9792819739023786, -2.1745792613045523, 3.3280554109666682], "rotation": [[-0.8817453519802059, -0.1429805169214632, 0.4495349886740449], [0.3805720458085444, 0.3474617068988068, 0.8569919954048969], [-0.2787293529759678, 0.9267291589347122, -0.2519583572135668]], "fy": 1973.015817377144, "fx": 1978.9973904002773}, {"id": 36, "img_name": "frame_0037.png", "width": 1060, "height": 1889, "position": [-1.4447728235181034, -2.088529557295199, 3.2361683983082754], "rotation": [[-0.812583126611267, -0.21797383102581702, 0.5405516361408836], [0.4423892525294319, 0.37316802541587235, 0.8154982366956223], [-0.37947386154135593, 0.9017943411860309, -0.20680076066529435]], "fy": 1973.015817377144, "fx": 1978.9973904002773}, {"id": 37, "img_name": "frame_0038.png", "width": 1060, "height": 1889, "position": [-1.7378581279341843, -1.9251585000517821, 3.037427990397593], "rotation": [[-0.7624446455747171, -0.2561049624107976, 0.5942124289031724], [0.4818950409641442, 0.3880930714189511, 0.7855959122925543], [-0.43180473819610815, 0.8853214196805411, -0.17248377293595352]], "fy": 1973.015817377144, "fx": 1978.9973904002773}, {"id": 38, "img_name": "frame_0039.png", "width": 1060, "height": 1889, "position": [-2.0408586052747855, -1.7483424360108437, 2.7966027822075903], "rotation": [[-0.6705155736341508, -0.31548807739308793, 0.671473110807036], [0.5399770435605726, 0.41312936006222345, 0.733313660231528], [-0.5087569733592341, 0.8542782947479063, -0.10665335053790242]], "fy": 1973.015817377144, "fx": 1978.9973904002773}, {"id": 39, "img_name": "frame_0040.png", "width": 1060, "height": 1889, "position": [-2.4965164136694655, -1.5223215073980012, 2.5284217648931384], "rotation": [[-0.5420395049761243, -0.385508428627683, 0.746710403370847], [0.5909038503251988, 0.45695138738958985, 0.6648519152665383], [-0.5975163719230574, 0.8016100554632182, -0.01988728900989157]], "fy": 1973.015817377144, "fx": 1978.9973904002773}, {"id": 40, "img_name": "frame_0041.png", "width": 1060, "height": 1889, "position": [-2.6321559409668125, -1.2990616570178741, 2.1867715249849593], "rotation": [[-0.45654094532876793, -0.4161476141815083, 0.7863787436403357], [0.6181757966338276, 0.4872985789639239, 0.6167647682835594], [-0.6398664311357855, 0.767698676663428, 0.0347806290163657]], "fy": 1973.015817377144, "fx": 1978.9973904002773}, {"id": 41, "img_name": "frame_0042.png", "width": 1060, "height": 1889, "position": [-2.7854663465744465, -1.0499238773302941, 1.8526314699114472], "rotation": [[-0.30799643360279877, -0.4632186940360435, 0.8310033925222557], [0.6493707776255759, 0.53600578302117, 0.5394584263257152], [-0.6953098518314774, 0.7057805905969678, 0.1357128139958934]], "fy": 1973.015817377144, "fx": 1978.9973904002773}, {"id": 42, "img_name": "frame_0043.png", "width": 1060, "height": 1889, "position": [-2.976923704154589, -0.7614033239211735, 1.4527310316277504], "rotation": [[-0.14443584308516136, -0.5067835010908933, 0.8498875044700533], [0.6573815623175363, 0.5928133645045813, 0.46521156089430293], [-0.7395862145532688, 0.6258935994934083, 0.24752663160951208]], "fy": 1973.015817377144, "fx": 1978.9973904002773}, {"id": 43, "img_name": "frame_0044.png", "width": 1060, "height": 1889, "position": [-2.968851483672299, -0.47644863688264977, 1.0774301136377527], "rotation": [[-0.029753468029720443, -0.5225046264363926, 0.852117155379922], [0.6530244657397728, 0.6352517060271453, 0.4123279242725208], [-0.7567521247314003, 0.5687215358522719, 0.3223073631990809]], "fy": 1973.015817377144, "fx": 1978.9973904002773}, {"id": 44, "img_name": "frame_0045.png", "width": 1060, "height": 1889, "position": [-3.1498555778261426, -0.12970251966837093, 0.6167404839630013], "rotation": [[0.12705598325340786, -0.5189177333537859, 0.8453290265514835], [0.6417715143760561, 0.692817671415154, 0.32883582151333085], [-0.7562976269002656, 0.5007275308846645, 0.42105325002803845]], "fy": 1973.015817377144, "fx": 1978.9973904002773}, {"id": 45, "img_name": "frame_0046.png", "width": 1060, "height": 1889, "position": [-3.0975945500429622, 0.1223064016904998, 0.2609340435353073], "rotation": [[0.23927786583882613, -0.5053561031997819, 0.8290725612866151], [0.6239619175059984, 0.7342526606338446, 0.267478140890724], [-0.7439204449548719, 0.45330810638113644, 0.4910133727988412]], "fy": 1973.015817377144, "fx": 1978.9973904002773}, {"id": 46, "img_name": "frame_0047.png", "width": 1060, "height": 1889, "position": [-2.8748607771528323, 0.3609363374508352, -0.06685844660928957], "rotation": [[0.324123189094607, -0.5027691529873598, 0.8013534408084328], [0.5994848310369769, 0.764448674040879, 0.23714164989244105], [-0.7318210817185502, 0.4035361242336486, 0.5491780228585049]], "fy": 1973.015817377144, "fx": 1978.9973904002773}, {"id": 47, "img_name": "frame_0048.png", "width": 1060, "height": 1889, "position": [-2.7262405393103015, 0.6501067805636191, -0.43648949783290275], "rotation": [[0.4615437455242054, -0.47834893294812436, 0.7471008428016115], [0.5432051953699054, 0.8182125111665575, 0.1882987049707431], [-0.7013597412816269, 0.31892096970551637, 0.6374824926156503]], "fy": 1973.015817377144, "fx": 1978.9973904002773}, {"id": 48, "img_name": "frame_0049.png", "width": 1060, "height": 1889, "position": [-2.4401716730566316, 0.8548912969073422, -0.7243954754360423], "rotation": [[0.5799976582259803, -0.4384390209800861, 0.6865667784960198], [0.496344874615814, 0.8584977822663491, 0.12893146740176342], [-0.6459446430577397, 0.26599395242332813, 0.7155436642017211]], "fy": 1973.015817377144, "fx": 1978.9973904002773}, {"id": 49, "img_name": "frame_0050.png", "width": 1060, "height": 1889, "position": [-2.1039290901163836, 1.0978240755111672, -1.095410691552356], "rotation": [[0.6918941623568148, -0.39344155107433676, 0.6053810485840977], [0.4352006288979611, 0.896300856862112, 0.08511866184957796], [-0.5760927709174806, 0.20456910782535978, 0.791371341040447]], "fy": 1973.015817377144, "fx": 1978.9973904002773}, {"id": 50, "img_name": "frame_0051.png", "width": 1060, "height": 1889, "position": [-1.8958676772541805, 1.3026772109406484, -1.442247089489623], "rotation": [[0.795245728238456, -0.3275907386330557, 0.5101652082221374], [0.35184990826368784, 0.9346283683295024, 0.05168612162434527], [-0.4937467708991343, 0.1383984142813104, 0.8585219887405894]], "fy": 1973.015817377144, "fx": 1978.9973904002773}, {"id": 51, "img_name": "frame_0052.png", "width": 1060, "height": 1889, "position": [-1.5803623969238112, 1.409663219214546, -1.5750906284266981], "rotation": [[0.8582654373679337, -0.28374288197730607, 0.4276335065764165], [0.30069535109990614, 0.9532786522105717, 0.02901925337599033], [-0.4158878993749802, 0.10368118521124435, 0.9034862848912861]], "fy": 1973.015817377144, "fx": 1978.9973904002773}, {"id": 52, "img_name": "frame_0053.png", "width": 1060, "height": 1889, "position": [-1.2936104619830562, 1.528398430224185, -1.8320844891365147], "rotation": [[0.9150723682278115, -0.23342169688869532, 0.3288721215420162], [0.24096618464009117, 0.9703619032645778, 0.01825033020917412], [-0.32338500083637484, 0.06254668747702345, 0.9441981005698485]], "fy": 1973.015817377144, "fx": 1978.9973904002773}, {"id": 53, "img_name": "frame_0054.png", "width": 1060, "height": 1889, "position": [-0.930096350806333, 1.7191306568471207, -2.176149017925745], "rotation": [[0.9525780753691524, -0.17594321428466317, 0.24827201951323974], [0.1791915453510858, 0.9837669807974875, 0.009639375876343214], [-0.24593779782841663, 0.035305988723965516, 0.9686423936414986]], "fy": 1973.015817377144, "fx": 1978.9973904002773}, {"id": 54, "img_name": "frame_0055.png", "width": 1060, "height": 1889, "position": [-0.5408121555394636, 1.7208599605420447, -2.2058406761635925], "rotation": [[0.972971707907458, -0.13818256336379137, 0.18501793100631073], [0.13981782639342252, 0.9901681500476041, 0.004243825388024481], [-0.1837852851407395, 0.02173968292126336, 0.9827259817223822]], "fy": 1973.015817377144, "fx": 1978.9973904002773}, {"id": 55, "img_name": "frame_0056.png", "width": 1060, "height": 1889, "position": [-0.2068722932214436, 1.7180820426892036, -2.273435435274979], "rotation": [[0.9933652911896593, -0.07116976090838653, 0.09033417621214339], [0.07128776172072515, 0.9974539361082259, 0.0019236348552755232], [-0.09024108426062148, 0.004528849130895928, 0.9959096526477776]], "fy": 1973.015817377144, "fx": 1978.9973904002773}, {"id": 56, "img_name": "frame_0057.png", "width": 1060, "height": 1889, "position": [0.25880344891446055, 1.8085353862036548, -2.4891831932321637], "rotation": [[0.9997359237758828, 0.02033698517738082, -0.010699988125093322], [-0.020332634864224406, 0.9997931378637926, 0.0005152086465379285], [0.010708252493300272, -0.0002975136405848586, 0.9999426207608981]], "fy": 1973.015817377144, "fx": 1978.9973904002773}, {"id": 57, "img_name": "frame_0058.png", "width": 1060, "height": 1889, "position": [0.6289496583751194, 1.7728633538945722, -2.432651538844542], "rotation": [[0.9922370565766002, 0.08853780850394512, -0.08733086522829869], [-0.08818451943680607, 0.9960728069839098, 0.00790276653421275], [0.08768759369434254, -0.00014018742256132505, 0.9961480142326151]], "fy": 1973.015817377144, "fx": 1978.9973904002773}, {"id": 58, "img_name": "frame_0059.png", "width": 1060, "height": 1889, "position": [1.0120826627208972, 1.6723497587655922, -2.3470803175980466], "rotation": [[0.9692335779273411, 0.1649859961059205, -0.18266333104129562], [-0.16311607878658935, 0.9862819160863467, 0.025320482663880175], [0.18433506519230664, 0.005253864290393031, 0.9828494191129006]], "fy": 1973.015817377144, "fx": 1978.9973904002773}, {"id": 59, "img_name": "frame_0060.png", "width": 1060, "height": 1889, "position": [1.4251199326940938, 1.6099215652499537, -2.3247705185251726], "rotation": [[0.9363304420247139, 0.23184243880548763, -0.2636937369497563], [-0.22825274460065303, 0.972579069403764, 0.04461657023996145], [0.2668070237457639, 0.018412966258374727, 0.963574062931073]], "fy": 1973.015817377144, "fx": 1978.9973904002773}, {"id": 60, "img_name": "frame_0061.png", "width": 1060, "height": 1889, "position": [1.5391228829776546, 1.5710128634372447, -2.259406588309437], "rotation": [[0.9237365599664616, 0.24671050457564547, -0.29299265300235455], [-0.24249375271813753, 0.9687989403259727, 0.05123859010498981], [0.2964920701705232, 0.023717928984269186, 0.9547407565254007]], "fy": 1973.015817377144, "fx": 1978.9973904002773}]