[{"id": 0, "img_name": "frame_0001.png", "width": 1060, "height": 1889, "position": [-3.232082487452098, 0.4255709501663074, -0.3205075486307462], "rotation": [[0.4367253269905129, -0.4065887041507034, 0.802469073810375], [0.5444991626016137, 0.829548172062274, 0.12397778895544558], [-0.7160947218707665, 0.3827994982823141, 0.5836719056316123]], "fy": 1973.0158173771438, "fx": 1978.9973904002773}, {"id": 1, "img_name": "frame_0002.png", "width": 1060, "height": 1889, "position": [-2.9023199358348233, 0.4200148277572653, -0.359986781048266], "rotation": [[0.5024111982571107, -0.38903193101973604, 0.7721639362939127], [0.5193824890447339, 0.8497688433096512, 0.0901928102116476], [-0.6912487381106391, 0.3557345493303017, 0.6289897554596706]], "fy": 1973.0158173771438, "fx": 1978.9973904002773}, {"id": 2, "img_name": "frame_0003.png", "width": 1060, "height": 1889, "position": [-2.660402352605815, 0.4922531471065523, -0.5679061924559946], "rotation": [[0.5886742136318225, -0.3587667982790602, 0.7243956478731408], [0.4949276754323476, 0.8684851767727018, 0.027930159634732978], [-0.6391472962440569, 0.3420816893355753, 0.6888184459821258]], "fy": 1973.0158173771438, "fx": 1978.9973904002773}, {"id": 3, "img_name": "frame_0004.png", "width": 1060, "height": 1889, "position": [-2.4849461149426877, 0.9152371670375642, -1.1713411911380271], "rotation": [[0.6689720774799762, -0.3218249544053118, 0.6700037748208165], [0.45711360182197086, 0.8889212242679468, -0.029431481024903495], [-0.5861087907389455, 0.3259566777472025, 0.7417740421789759]], "fy": 1973.0158173771438, "fx": 1978.9973904002773}, {"id": 4, "img_name": "frame_0005.png", "width": 1060, "height": 1889, "position": [-2.1515901636647485, 1.2580051521500353, -1.628742559908675], "rotation": [[0.7368746825141139, -0.29034760468730153, 0.6105030472668176], [0.4159448417272908, 0.9066245758203195, -0.07086442802340719], [-0.532921749331159, 0.30615379627071765, 0.7888372849446489]], "fy": 1973.0158173771438, "fx": 1978.9973904002773}, {"id": 5, "img_name": "frame_0006.png", "width": 1060, "height": 1889, "position": [-1.6500072169019206, 1.4597259335751185, -2.024502507251384], "rotation": [[0.8246779272895579, -0.24247881794577025, 0.5109895684737809], [0.3500377901468791, 0.928445670958109, -0.12434702066489622], [-0.4442745341683316, 0.28141190260322796, 0.8505454011178611]], "fy": 1973.0158173771438, "fx": 1978.9973904002773}, {"id": 6, "img_name": "frame_0007.png", "width": 1060, "height": 1889, "position": [-1.2317150849445706, 1.747346928035732, -2.52940437022093], "rotation": [[0.9120635344416793, -0.16885650403404293, 0.3736677537427507], [0.24350872620559325, 0.9562304135715207, -0.1622556514349126], [-0.32991454863870595, 0.23897882166886605, 0.9132609229515293]], "fy": 1973.0158173771438, "fx": 1978.9973904002773}, {"id": 7, "img_name": "frame_0008.png", "width": 1060, "height": 1889, "position": [-0.710667320110674, 1.8017488631127194, -2.6463298168945424], "rotation": [[0.9608368270576839, -0.10657794238523066, 0.2558001836720469], [0.15438881045799932, 0.9724322176333122, -0.17475605086554905], [-0.23012319955859822, 0.2074047354948504, 0.9508031282653758]], "fy": 1973.0158173771438, "fx": 1978.9973904002773}, {"id": 8, "img_name": "frame_0009.png", "width": 1060, "height": 1889, "position": [-0.23811516704529326, 1.8358069020136216, -2.801326792896779], "rotation": [[0.9900284677725931, -0.045625231321132366, 0.13327404573563675], [0.07016952554094645, 0.9800922798025071, -0.1857292673675388], [-0.12214692253679546, 0.1932290385486028, 0.9735207588831236]], "fy": 1973.0158173771438, "fx": 1978.9973904002773}, {"id": 9, "img_name": "frame_0010.png", "width": 1060, "height": 1889, "position": [0.3781780186348929, 1.9732050979148383, -3.092125096157796], "rotation": [[0.999916359832055, 0.004184737998298905, 0.012237700278156832], [-0.0018890540032778886, 0.983315463161797, -0.18189868438741763], [-0.012794718253447645, 0.18186035267420508, 0.9832411236873835]], "fy": 1973.0158173771438, "fx": 1978.9973904002773}, {"id": 10, "img_name": "frame_0011.png", "width": 1060, "height": 1889, "position": [0.9989946979972594, 1.8954793607560487, -3.0212292974011716], "rotation": [[0.9961766814426113, 0.04405188494509227, -0.07544170453251167], [-0.05638676985723773, 0.9838128313105035, -0.17009657590286087], [0.06672744214379375, 0.1737001565387756, 0.9825353449537332]], "fy": 1973.0158173771438, "fx": 1978.9973904002773}, {"id": 11, "img_name": "frame_0012.png", "width": 1060, "height": 1889, "position": [1.6580417702295582, 1.7887559423086123, -2.9602800745868367], "rotation": [[0.9806665897167162, 0.09277909356113058, -0.17229358552006804], [-0.12081953827533927, 0.9796728414224567, -0.16013670082209094], [0.15393400853716452, 0.17785714373402328, 0.9719419516815061]], "fy": 1973.0158173771438, "fx": 1978.9973904002773}, {"id": 12, "img_name": "frame_0013.png", "width": 1060, "height": 1889, "position": [2.3914943082851035, 1.6267408653294129, -2.8699480579277936], "rotation": [[0.9491484860783551, 0.139695182282935, -0.2821389860017654], [-0.18329496491797384, 0.973819059226102, -0.1344596434760562], [0.2559689575141595, 0.17933682258512046, 0.9499043093144632]], "fy": 1973.0158173771438, "fx": 1978.9973904002773}, {"id": 13, "img_name": "frame_0014.png", "width": 1060, "height": 1889, "position": [2.81755170321745, 1.3577613593065583, -2.505378802348398], "rotation": [[0.8865352292104095, 0.19487854450093514, -0.41961606292186177], [-0.24756628838785702, 0.9660097210045264, -0.07440532090259015], [0.3908531952315437, 0.1698457294663426, 0.9046470073787558]], "fy": 1973.0158173771438, "fx": 1978.9973904002773}, {"id": 14, "img_name": "frame_0015.png", "width": 1060, "height": 1889, "position": [3.4432202344579435, 1.1528333218277018, -2.251719410622637], "rotation": [[0.7886212338777506, 0.26448537137878986, -0.5550892160759004], [-0.3180999161380504, 0.9480571722433728, -0.0002037421531695324], [0.5262024257166622, 0.1767345084711055, 0.8317907914165541]], "fy": 1973.0158173771438, "fx": 1978.9973904002773}, {"id": 15, "img_name": "frame_0016.png", "width": 1060, "height": 1889, "position": [3.9504826250088456, 0.9113606043416042, -1.948772955516956], "rotation": [[0.6789942516789145, 0.3304677633435905, -0.6555591991404556], [-0.384421901337231, 0.9207945715844637, 0.06600877754399034], [0.6254491249967971, 0.20719173325996482, 0.7522532669982049]], "fy": 1973.0158173771438, "fx": 1978.9973904002773}, {"id": 16, "img_name": "frame_0017.png", "width": 1060, "height": 1889, "position": [4.220350885439998, 0.5179309959326261, -1.5046829238045396], "rotation": [[0.5701971805105993, 0.369389753621864, -0.7337754324430202], [-0.42991075411538054, 0.8953062535426736, 0.11663385384752914], [0.7000370838989227, 0.24895365489697197, 0.6693057290056105]], "fy": 1973.0158173771438, "fx": 1978.9973904002773}, {"id": 17, "img_name": "frame_0018.png", "width": 1060, "height": 1889, "position": [4.583843339369898, 0.15239620863916212, -0.9915732356173391], "rotation": [[0.43936413866952223, 0.4134198713135543, -0.7975231430211122], [-0.4704677726255508, 0.862208830533382, 0.1877658314790284], [0.7652576223546828, 0.29271136389512115, 0.573324366196585]], "fy": 1973.0158173771438, "fx": 1978.9973904002773}, {"id": 18, "img_name": "frame_0019.png", "width": 1060, "height": 1889, "position": [4.693430702169346, -0.1916532565660054, -0.48478429703096393], "rotation": [[0.3065758746572544, 0.4569455407478721, -0.834992219046845], [-0.5030887198405369, 0.8224798140592846, 0.26538405271269505], [0.8080303045352627, 0.33871481847660484, 0.48203661551485005]], "fy": 1973.0158173771438, "fx": 1978.9973904002773}, {"id": 19, "img_name": "frame_0020.png", "width": 1060, "height": 1889, "position": [4.569326110057862, -0.6342936619510539, 0.10244750849234122], "rotation": [[0.21096873104664404, 0.48065168389010104, -0.8511557749872695], [-0.5049031492615219, 0.7991836938418653, 0.32615676194595306], [0.8369976131306266, 0.36094235311318357, 0.4112853186569535]], "fy": 1973.0158173771438, "fx": 1978.9973904002773}, {"id": 20, "img_name": "frame_0021.png", "width": 1060, "height": 1889, "position": [4.520173307071453, -1.060909398777904, 0.7786090206149384], "rotation": [[0.06668812512724602, 0.5135333626494419, -0.8554742424018208], [-0.49681147417256377, 0.7606322744701829, 0.4178718729046025], [0.8652924667980745, 0.39714232773688696, 0.3058544072303524]], "fy": 1973.0158173771438, "fx": 1978.9973904002773}, {"id": 21, "img_name": "frame_0022.png", "width": 1060, "height": 1889, "position": [4.2478384808770295, -1.4064682376109845, 1.348801400571027], "rotation": [[-0.1199007423860929, 0.5383448554477926, -0.8341514422382535], [-0.4764910854864765, 0.7059084746700403, 0.5240701010751676], [0.8709650150420409, 0.4603021203534829, 0.1718775743688069]], "fy": 1973.0158173771438, "fx": 1978.9973904002773}, {"id": 22, "img_name": "frame_0023.png", "width": 1060, "height": 1889, "position": [3.9123583746215713, -1.7261603026026948, 1.9019148102033372], "rotation": [[-0.3193070974754045, 0.552000075360825, -0.770284943578333], [-0.4412293023480874, 0.6327551851811983, 0.636347058118231], [0.8386654161530998, 0.5430624203790487, 0.04151538655482819]], "fy": 1973.0158173771438, "fx": 1978.9973904002773}, {"id": 23, "img_name": "frame_0024.png", "width": 1060, "height": 1889, "position": [3.5179409205193566, -2.01242854339231, 2.3920786506502094], "rotation": [[-0.5082467535473539, 0.540612691672533, -0.6703903005795607], [-0.39340679716029003, 0.5467209331109671, 0.7391395762955435], [0.7661046465442286, 0.639401391068906, -0.06518843181493449]], "fy": 1973.0158173771438, "fx": 1978.9973904002773}, {"id": 24, "img_name": "frame_0025.png", "width": 1060, "height": 1889, "position": [3.0049870036737802, -2.1365777484604513, 2.6073723481808826], "rotation": [[-0.6461484849116073, 0.5002570803922974, -0.5763982902158963], [-0.33647116681100125, 0.4911561762893494, 0.8034629825932673], [0.6850396261175534, 0.7130977941420095, -0.14903773561928008]], "fy": 1973.0158173771438, "fx": 1978.9973904002773}, {"id": 25, "img_name": "frame_0026.png", "width": 1060, "height": 1889, "position": [2.675372268497729, -2.2591788719173493, 2.832442838623782], "rotation": [[-0.7509287986644735, 0.45935749987028845, -0.47444349152375126], [-0.27023470966569546, 0.44178451351235515, 0.8554528890082427], [0.6025604874435654, 0.7705953094417131, -0.20761437339019445]], "fy": 1973.0158173771438, "fx": 1978.9973904002773}, {"id": 26, "img_name": "frame_0027.png", "width": 1060, "height": 1889, "position": [2.333981262022567, -2.2649552202235776, 2.9520619160084793], "rotation": [[-0.818208375777892, 0.4273698184482593, -0.38456480869471793], [-0.2059781006978185, 0.4065890450720475, 0.8900889677219462], [0.5367569988736266, 0.8074901774677521, -0.24464573867793982]], "fy": 1973.0158173771438, "fx": 1978.9973904002773}, {"id": 27, "img_name": "frame_0028.png", "width": 1060, "height": 1889, "position": [2.018136103108523, -2.426303487335422, 3.208827814560712], "rotation": [[-0.8783493054915698, 0.37965045300930944, -0.29046175492188814], [-0.13252456588932296, 0.39041756169184955, 0.9110495963219771], [0.4592817620789261, 0.8387130981762579, -0.2926099826890047]], "fy": 1973.0158173771438, "fx": 1978.9973904002773}, {"id": 28, "img_name": "frame_0029.png", "width": 1060, "height": 1889, "position": [1.6838240292167537, -2.6000860737279594, 3.519533847237947], "rotation": [[-0.9220016884839191, 0.3317516431968522, -0.19963399928115833], [-0.0679237427302303, 0.36901798539569974, 0.9269369404808594], [0.38118138937560764, 0.8681973126488512, -0.31770139235293476]], "fy": 1973.0158173771438, "fx": 1978.9973904002773}, {"id": 29, "img_name": "frame_0030.png", "width": 1060, "height": 1889, "position": [1.311718741538759, -2.5840913979002513, 3.5839886899207], "rotation": [[-0.9399610438956049, 0.30755119769142597, -0.1479374758377824], [-0.03078213915908298, 0.3553080985746612, 0.9342422678278101], [0.3398907116522544, 0.8827051692869076, -0.32450868747492095]], "fy": 1973.0158173771438, "fx": 1978.9973904002773}, {"id": 30, "img_name": "frame_0031.png", "width": 1060, "height": 1889, "position": [0.9838117112958087, -2.558951939631121, 3.611241110228336], "rotation": [[-0.9680881829311839, 0.2445942928712525, -0.0545793180958695], [0.03134666610785166, 0.334259068514097, 0.9419597983141378], [0.24864162280865404, 0.9101892698834128, -0.33125946989660326]], "fy": 1973.0158173771438, "fx": 1978.9973904002773}, {"id": 31, "img_name": "frame_0032.png", "width": 1060, "height": 1889, "position": [0.552498646947759, -2.5651781501593263, 3.695791461194201], "rotation": [[-0.9866394023040167, 0.15434369848481772, 0.05216045014376597], [0.10025016280583553, 0.3227866223685136, 0.941147544903205], [0.12842349737713923, 0.9338023448021291, -0.3339469810665604]], "fy": 1973.0158173771438, "fx": 1978.9973904002773}, {"id": 32, "img_name": "frame_0033.png", "width": 1060, "height": 1889, "position": [0.17475691778354752, -2.489575108278851, 3.6189132110112787], "rotation": [[-0.9868620593945703, 0.08895806604835033, 0.1348693375547039], [0.15702059505554983, 0.33148887856577647, 0.9303008417257316], [0.03805007826415561, 0.9392558681595452, -0.3411020458337216]], "fy": 1973.0158173771438, "fx": 1978.9973904002773}, {"id": 33, "img_name": "frame_0034.png", "width": 1060, "height": 1889, "position": [-0.19565409911300707, -2.3983162337181487, 3.556875361451082], "rotation": [[-0.9583866664601909, -0.016206548466798875, 0.2850128862667711], [0.2636766067667528, 0.3323715798938498, 0.9055406009245734], [-0.10940587093613105, 0.9430092686000808, -0.3142672027734469]], "fy": 1973.0158173771438, "fx": 1978.9973904002773}, {"id": 34, "img_name": "frame_0035.png", "width": 1060, "height": 1889, "position": [-0.6385965206299075, -2.2817885938579603, 3.471924585252011], "rotation": [[-0.9151478785083281, -0.09690289985126069, 0.3912980813422457], [0.3409778145242915, 0.3317036253211586, 0.8796060680503734], [-0.21503137088328306, 0.9383935917029786, -0.27051612999383046]], "fy": 1973.0158173771438, "fx": 1978.9973904002773}, {"id": 35, "img_name": "frame_0036.png", "width": 1060, "height": 1889, "position": [-0.9792819739023765, -2.174579261304551, 3.3280554109666625], "rotation": [[-0.8817453519802056, -0.14298051692146327, 0.4495349886740444], [0.3805720458085442, 0.3474617068988062, 0.8569919954048971], [-0.2787293529759674, 0.926729158934712, -0.2519583572135661]], "fy": 1973.0158173771438, "fx": 1978.9973904002773}, {"id": 36, "img_name": "frame_0037.png", "width": 1060, "height": 1889, "position": [-1.4447728235181005, -2.088529557295198, 3.2361683983082723], "rotation": [[-0.8125831266112671, -0.21797383102581686, 0.5405516361408834], [0.44238925252943184, 0.37316802541587213, 0.8154982366956225], [-0.37947386154135565, 0.9017943411860309, -0.20680076066529432]], "fy": 1973.0158173771438, "fx": 1978.9973904002773}, {"id": 37, "img_name": "frame_0038.png", "width": 1060, "height": 1889, "position": [-1.7378581279341865, -1.9251585000517852, 3.037427990397592], "rotation": [[-0.7624446455747168, -0.25610496241079783, 0.5942124289031726], [0.4818950409641446, 0.38809307141895055, 0.7855959122925542], [-0.43180473819610815, 0.8853214196805413, -0.1724837729359529]], "fy": 1973.0158173771438, "fx": 1978.9973904002773}, {"id": 38, "img_name": "frame_0039.png", "width": 1060, "height": 1889, "position": [-2.0408586052747824, -1.7483424360108426, 2.796602782207589], "rotation": [[-0.6705155736341515, -0.31548807739308804, 0.6714731108070359], [0.5399770435605726, 0.4131293600622232, 0.7333136602315284], [-0.5087569733592343, 0.8542782947479063, -0.10665335053790279]], "fy": 1973.0158173771438, "fx": 1978.9973904002773}, {"id": 39, "img_name": "frame_0040.png", "width": 1060, "height": 1889, "position": [-2.4965164136694655, -1.5223215073980012, 2.528421764893135], "rotation": [[-0.5420395049761236, -0.38550842862768303, 0.7467104033708469], [0.590903850325199, 0.4569513873895898, 0.6648519152665379], [-0.5975163719230571, 0.8016100554632181, -0.019887289009890886]], "fy": 1973.0158173771438, "fx": 1978.9973904002773}, {"id": 40, "img_name": "frame_0041.png", "width": 1060, "height": 1889, "position": [-2.6321559409668125, -1.299061657017874, 2.1867715249849584], "rotation": [[-0.4565409453287679, -0.41614761418150864, 0.7863787436403359], [0.6181757966338279, 0.4872985789639239, 0.6167647682835594], [-0.6398664311357858, 0.7676986766634281, 0.03478062901636586]], "fy": 1973.0158173771438, "fx": 1978.9973904002773}, {"id": 41, "img_name": "frame_0042.png", "width": 1060, "height": 1889, "position": [-2.785466346574447, -1.049923877330294, 1.8526314699114461], "rotation": [[-0.307996433602799, -0.46321869403604343, 0.8310033925222563], [0.6493707776255763, 0.5360057830211697, 0.5394584263257152], [-0.6953098518314775, 0.7057805905969681, 0.1357128139958933]], "fy": 1973.0158173771438, "fx": 1978.9973904002773}, {"id": 42, "img_name": "frame_0043.png", "width": 1060, "height": 1889, "position": [-2.976923704154588, -0.7614033239211732, 1.4527310316277495], "rotation": [[-0.14443584308516136, -0.5067835010908933, 0.8498875044700536], [0.6573815623175363, 0.5928133645045813, 0.465211560894303], [-0.7395862145532689, 0.6258935994934082, 0.247526631609512]], "fy": 1973.0158173771438, "fx": 1978.9973904002773}, {"id": 43, "img_name": "frame_0044.png", "width": 1060, "height": 1889, "position": [-2.9688514836722977, -0.4764486368826507, 1.0774301136377527], "rotation": [[-0.029753468029721022, -0.5225046264363928, 0.8521171553799218], [0.6530244657397727, 0.6352517060271451, 0.41232792427252113], [-0.7567521247314001, 0.5687215358522721, 0.3223073631990806]], "fy": 1973.0158173771438, "fx": 1978.9973904002773}, {"id": 44, "img_name": "frame_0045.png", "width": 1060, "height": 1889, "position": [-3.1498555778261426, -0.12970251966837062, 0.6167404839630001], "rotation": [[0.12705598325340792, -0.5189177333537859, 0.8453290265514835], [0.6417715143760561, 0.692817671415154, 0.32883582151333085], [-0.7562976269002656, 0.5007275308846645, 0.42105325002803845]], "fy": 1973.0158173771438, "fx": 1978.9973904002773}, {"id": 45, "img_name": "frame_0046.png", "width": 1060, "height": 1889, "position": [-3.0975945500429605, 0.12230640169049868, 0.2609340435353071], "rotation": [[0.2392778658388255, -0.5053561031997821, 0.829072561286615], [0.6239619175059984, 0.7342526606338443, 0.26747814089072447], [-0.7439204449548718, 0.4533081063811365, 0.49101337279884094]], "fy": 1973.0158173771438, "fx": 1978.9973904002773}, {"id": 46, "img_name": "frame_0047.png", "width": 1060, "height": 1889, "position": [-2.8748607771528314, 0.36093633745083387, -0.06685844660928811], "rotation": [[0.324123189094606, -0.5027691529873598, 0.8013534408084332], [0.5994848310369769, 0.7644486740408788, 0.2371416498924417], [-0.7318210817185503, 0.403536124233649, 0.549178022858504]], "fy": 1973.0158173771438, "fx": 1978.9973904002773}, {"id": 47, "img_name": "frame_0048.png", "width": 1060, "height": 1889, "position": [-2.7262405393103015, 0.6501067805636187, -0.4364894978329038], "rotation": [[0.4615437455242054, -0.47834893294812453, 0.7471008428016116], [0.5432051953699053, 0.8182125111665574, 0.18829870497074333], [-0.7013597412816267, 0.31892096970551626, 0.6374824926156504]], "fy": 1973.0158173771438, "fx": 1978.9973904002773}, {"id": 48, "img_name": "frame_0049.png", "width": 1060, "height": 1889, "position": [-2.4401716730566307, 0.8548912969073424, -0.7243954754360443], "rotation": [[0.5799976582259807, -0.4384390209800863, 0.6865667784960194], [0.4963448746158141, 0.8584977822663491, 0.12893146740176342], [-0.6459446430577395, 0.26599395242332813, 0.7155436642017214]], "fy": 1973.0158173771438, "fx": 1978.9973904002773}, {"id": 49, "img_name": "frame_0050.png", "width": 1060, "height": 1889, "position": [-2.103929090116383, 1.097824075511168, -1.095410691552357], "rotation": [[0.6918941623568152, -0.39344155107433687, 0.6053810485840975], [0.435200628897961, 0.8963008568621121, 0.08511866184957786], [-0.5760927709174802, 0.20456910782535967, 0.791371341040447]], "fy": 1973.0158173771438, "fx": 1978.9973904002773}, {"id": 50, "img_name": "frame_0051.png", "width": 1060, "height": 1889, "position": [-1.8958676772541792, 1.3026772109406484, -1.4422470894896247], "rotation": [[0.7952457282384562, -0.32759073863305566, 0.510165208222137], [0.3518499082636879, 0.9346283683295024, 0.05168612162434517], [-0.493746770899134, 0.13839841428131033, 0.8585219887405897]], "fy": 1973.0158173771438, "fx": 1978.9973904002773}, {"id": 51, "img_name": "frame_0052.png", "width": 1060, "height": 1889, "position": [-1.5803623969238105, 1.409663219214546, -1.5750906284266983], "rotation": [[0.8582654373679337, -0.28374288197730635, 0.42763350657641647], [0.30069535109990647, 0.9532786522105717, 0.029019253375990404], [-0.41588789937498016, 0.10368118521124443, 0.9034862848912861]], "fy": 1973.0158173771438, "fx": 1978.9973904002773}, {"id": 52, "img_name": "frame_0053.png", "width": 1060, "height": 1889, "position": [-1.2936104619830557, 1.5283984302241853, -1.8320844891365147], "rotation": [[0.9150723682278114, -0.23342169688869546, 0.3288721215420162], [0.24096618464009129, 0.9703619032645778, 0.018250330209174128], [-0.32338500083637484, 0.06254668747702347, 0.9441981005698485]], "fy": 1973.0158173771438, "fx": 1978.9973904002773}, {"id": 53, "img_name": "frame_0054.png", "width": 1060, "height": 1889, "position": [-0.9300963508063329, 1.7191306568471207, -2.1761490179257454], "rotation": [[0.9525780753691523, -0.17594321428466328, 0.24827201951323985], [0.17919154535108592, 0.9837669807974875, 0.009639375876343245], [-0.24593779782841674, 0.03530598872396554, 0.9686423936414986]], "fy": 1973.0158173771438, "fx": 1978.9973904002773}, {"id": 54, "img_name": "frame_0055.png", "width": 1060, "height": 1889, "position": [-0.5408121555394627, 1.7208599605420445, -2.2058406761635925], "rotation": [[0.9729717079074579, -0.1381825633637914, 0.1850179310063105], [0.13981782639342255, 0.9901681500476041, 0.0042438253880245], [-0.1837852851407393, 0.021739682921263336, 0.982725981722382]], "fy": 1973.0158173771438, "fx": 1978.9973904002773}, {"id": 55, "img_name": "frame_0056.png", "width": 1060, "height": 1889, "position": [-0.20687229322144335, 1.7180820426892034, -2.273435435274979], "rotation": [[0.9933652911896592, -0.07116976090838653, 0.09033417621214335], [0.07128776172072515, 0.9974539361082259, 0.0019236348552755444], [-0.09024108426062144, 0.004528849130895902, 0.9959096526477776]], "fy": 1973.0158173771438, "fx": 1978.9973904002773}, {"id": 56, "img_name": "frame_0057.png", "width": 1060, "height": 1889, "position": [0.25880344891446055, 1.8085353862036548, -2.4891831932321637], "rotation": [[0.9997359237758828, 0.02033698517738082, -0.010699988125093322], [-0.020332634864224406, 0.9997931378637926, 0.0005152086465379285], [0.010708252493300272, -0.0002975136405848586, 0.9999426207608981]], "fy": 1973.0158173771438, "fx": 1978.9973904002773}, {"id": 57, "img_name": "frame_0058.png", "width": 1060, "height": 1889, "position": [0.6289496583751191, 1.7728633538945724, -2.432651538844542], "rotation": [[0.9922370565766002, 0.08853780850394512, -0.08733086522829867], [-0.08818451943680607, 0.9960728069839098, 0.007902766534212744], [0.08768759369434251, -0.00014018742256132057, 0.9961480142326151]], "fy": 1973.0158173771438, "fx": 1978.9973904002773}, {"id": 58, "img_name": "frame_0059.png", "width": 1060, "height": 1889, "position": [1.012082662720897, 1.6723497587655924, -2.3470803175980466], "rotation": [[0.9692335779273411, 0.1649859961059205, -0.1826633310412956], [-0.16311607878658935, 0.9862819160863467, 0.025320482663880168], [0.1843350651923066, 0.005253864290393034, 0.9828494191129006]], "fy": 1973.0158173771438, "fx": 1978.9973904002773}, {"id": 59, "img_name": "frame_0060.png", "width": 1060, "height": 1889, "position": [1.4251199326940929, 1.6099215652499541, -2.3247705185251735], "rotation": [[0.9363304420247143, 0.23184243880548777, -0.2636937369497562], [-0.2282527446006531, 0.972579069403764, 0.044616570239961385], [0.2668070237457637, 0.01841296625837473, 0.9635740629310732]], "fy": 1973.0158173771438, "fx": 1978.9973904002773}, {"id": 60, "img_name": "frame_0061.png", "width": 1060, "height": 1889, "position": [1.5391228829776542, 1.5710128634372449, -2.259406588309438], "rotation": [[0.9237365599664616, 0.24671050457564556, -0.29299265300235444], [-0.24249375271813764, 0.9687989403259727, 0.0512385901049898], [0.2964920701705231, 0.0237179289842692, 0.9547407565254009]], "fy": 1973.0158173771438, "fx": 1978.9973904002773}]