[{"id": 0, "img_name": "frame_0001.png", "width": 1060, "height": 1889, "position": [-3.2320824874520953, 0.4255709501663093, -0.32050754863074554], "rotation": [[0.4367253269905126, -0.40658870415070325, 0.8024690738103754], [0.5444991626016138, 0.8295481720622742, 0.12397778895544559], [-0.716094721870767, 0.3827994982823143, 0.5836719056316119]], "fy": 1973.0158173771447, "fx": 1978.9973904002784}, {"id": 1, "img_name": "frame_0002.png", "width": 1060, "height": 1889, "position": [-2.9023199358348224, 0.4200148277572678, -0.35998678104826576], "rotation": [[0.5024111982571102, -0.3890319310197355, 0.772163936293913], [0.5193824890447337, 0.8497688433096513, 0.0901928102116475], [-0.6912487381106394, 0.3557345493303018, 0.6289897554596701]], "fy": 1973.0158173771447, "fx": 1978.9973904002784}, {"id": 2, "img_name": "frame_0003.png", "width": 1060, "height": 1889, "position": [-2.660402352605814, 0.4922531471065534, -0.5679061924559952], "rotation": [[0.5886742136318223, -0.35876679827906005, 0.7243956478731409], [0.49492767543234756, 0.8684851767727018, 0.02793015963473305], [-0.639147296244057, 0.3420816893355755, 0.6888184459821257]], "fy": 1973.0158173771447, "fx": 1978.9973904002784}, {"id": 3, "img_name": "frame_0004.png", "width": 1060, "height": 1889, "position": [-2.484946114942687, 0.9152371670375657, -1.1713411911380274], "rotation": [[0.6689720774799763, -0.3218249544053115, 0.6700037748208167], [0.4571136018219708, 0.8889212242679468, -0.029431481024903793], [-0.5861087907389456, 0.3259566777472026, 0.7417740421789758]], "fy": 1973.0158173771447, "fx": 1978.9973904002784}, {"id": 4, "img_name": "frame_0005.png", "width": 1060, "height": 1889, "position": [-2.1515901636647476, 1.2580051521500368, -1.628742559908675], "rotation": [[0.736874682514114, -0.2903476046873015, 0.6105030472668179], [0.41594484172729074, 0.9066245758203197, -0.07086442802340727], [-0.5329217493311592, 0.3061537962707177, 0.7888372849446489]], "fy": 1973.0158173771447, "fx": 1978.9973904002784}, {"id": 5, "img_name": "frame_0006.png", "width": 1060, "height": 1889, "position": [-1.65000721690192, 1.4597259335751192, -2.0245025072513836], "rotation": [[0.8246779272895578, -0.2424788179457699, 0.510989568473781], [0.3500377901468788, 0.9284456709581091, -0.12434702066489628], [-0.4442745341683319, 0.28141190260322807, 0.8505454011178609]], "fy": 1973.0158173771447, "fx": 1978.9973904002784}, {"id": 6, "img_name": "frame_0007.png", "width": 1060, "height": 1889, "position": [-1.2317150849445704, 1.7473469280357325, -2.5294043702209295], "rotation": [[0.9120635344416792, -0.16885650403404276, 0.3736677537427508], [0.2435087262055931, 0.9562304135715207, -0.1622556514349126], [-0.3299145486387062, 0.23897882166886605, 0.9132609229515293]], "fy": 1973.0158173771447, "fx": 1978.9973904002784}, {"id": 7, "img_name": "frame_0008.png", "width": 1060, "height": 1889, "position": [-0.7106673201106743, 1.8017488631127196, -2.6463298168945424], "rotation": [[0.9608368270576838, -0.10657794238523048, 0.25580018367204704], [0.15438881045799918, 0.9724322176333122, -0.17475605086554905], [-0.23012319955859845, 0.2074047354948504, 0.9508031282653758]], "fy": 1973.0158173771447, "fx": 1978.9973904002784}, {"id": 8, "img_name": "frame_0009.png", "width": 1060, "height": 1889, "position": [-0.23811516704529376, 1.8358069020136223, -2.801326792896779], "rotation": [[0.9900284677725932, -0.0456252313211322, 0.13327404573563692], [0.0701695255409463, 0.9800922798025071, -0.18572926736753884], [-0.1221469225367956, 0.19322903854860277, 0.9735207588831236]], "fy": 1973.0158173771447, "fx": 1978.9973904002784}, {"id": 9, "img_name": "frame_0010.png", "width": 1060, "height": 1889, "position": [0.3781780186348923, 1.973205097914838, -3.092125096157796], "rotation": [[0.999916359832055, 0.004184737998299026, 0.012237700278156925], [-0.0018890540032779914, 0.983315463161797, -0.18189868438741746], [-0.012794718253447756, 0.18186035267420494, 0.9832411236873835]], "fy": 1973.0158173771447, "fx": 1978.9973904002784}, {"id": 10, "img_name": "frame_0011.png", "width": 1060, "height": 1889, "position": [0.9989946979972579, 1.895479360756049, -3.0212292974011716], "rotation": [[0.9961766814426113, 0.04405188494509239, -0.07544170453251156], [-0.056386769857237846, 0.9838128313105035, -0.17009657590286087], [0.06672744214379364, 0.17370015653877563, 0.9825353449537334]], "fy": 1973.0158173771447, "fx": 1978.9973904002784}, {"id": 11, "img_name": "frame_0012.png", "width": 1060, "height": 1889, "position": [1.6580417702295565, 1.7887559423086123, -2.9602800745868363], "rotation": [[0.9806665897167162, 0.09277909356113075, -0.172293585520068], [-0.12081953827533942, 0.9796728414224567, -0.16013670082209092], [0.15393400853716446, 0.17785714373402325, 0.9719419516815061]], "fy": 1973.0158173771447, "fx": 1978.9973904002784}, {"id": 12, "img_name": "frame_0013.png", "width": 1060, "height": 1889, "position": [2.3914943082851017, 1.6267408653294126, -2.869948057927793], "rotation": [[0.949148486078355, 0.13969518228293512, -0.2821389860017654], [-0.18329496491797395, 0.973819059226102, -0.13445964347605616], [0.2559689575141595, 0.17933682258512043, 0.9499043093144632]], "fy": 1973.0158173771447, "fx": 1978.9973904002784}, {"id": 13, "img_name": "frame_0014.png", "width": 1060, "height": 1889, "position": [2.8175517032174473, 1.357761359306559, -2.505378802348398], "rotation": [[0.8865352292104095, 0.19487854450093517, -0.41961606292186177], [-0.24756628838785702, 0.9660097210045265, -0.07440532090259006], [0.3908531952315437, 0.16984572946634252, 0.9046470073787558]], "fy": 1973.0158173771447, "fx": 1978.9973904002784}, {"id": 14, "img_name": "frame_0015.png", "width": 1060, "height": 1889, "position": [3.4432202344579403, 1.1528333218277023, -2.251719410622636], "rotation": [[0.7886212338777505, 0.26448537137878986, -0.5550892160759006], [-0.3180999161380504, 0.9480571722433728, -0.00020374215316941314], [0.5262024257166623, 0.17673450847110542, 0.831790791416554]], "fy": 1973.0158173771447, "fx": 1978.9973904002784}, {"id": 15, "img_name": "frame_0016.png", "width": 1060, "height": 1889, "position": [3.950482625008842, 0.9113606043416046, -1.9487729555169562], "rotation": [[0.6789942516789146, 0.3304677633435907, -0.6555591991404555], [-0.3844219013372311, 0.9207945715844639, 0.06600877754399041], [0.625449124996797, 0.20719173325996476, 0.7522532669982049]], "fy": 1973.0158173771447, "fx": 1978.9973904002784}, {"id": 16, "img_name": "frame_0017.png", "width": 1060, "height": 1889, "position": [4.220350885439993, 0.5179309959326274, -1.504682923804542], "rotation": [[0.5701971805105996, 0.3693897536218642, -0.73377543244302], [-0.42991075411538066, 0.8953062535426736, 0.11663385384752914], [0.7000370838989227, 0.24895365489697183, 0.6693057290056108]], "fy": 1973.0158173771447, "fx": 1978.9973904002784}, {"id": 17, "img_name": "frame_0018.png", "width": 1060, "height": 1889, "position": [4.583843339369894, 0.15239620863916353, -0.9915732356173407], "rotation": [[0.43936413866952206, 0.4134198713135542, -0.797523143021112], [-0.47046777262555073, 0.8622088305333819, 0.1877658314790285], [0.7652576223546828, 0.29271136389512115, 0.573324366196585]], "fy": 1973.0158173771447, "fx": 1978.9973904002784}, {"id": 18, "img_name": "frame_0019.png", "width": 1060, "height": 1889, "position": [4.693430702169343, -0.1916532565660044, -0.4847842970309642], "rotation": [[0.30657587465725433, 0.45694554074787225, -0.834992219046845], [-0.5030887198405368, 0.8224798140592846, 0.2653840527126951], [0.8080303045352628, 0.3387148184766048, 0.4820366155148499]], "fy": 1973.0158173771447, "fx": 1978.9973904002784}, {"id": 19, "img_name": "frame_0020.png", "width": 1060, "height": 1889, "position": [4.5693261100578555, -0.6342936619510515, 0.10244750849233777], "rotation": [[0.2109687310466442, 0.48065168389010116, -0.8511557749872691], [-0.5049031492615219, 0.7991836938418653, 0.32615676194595317], [0.8369976131306266, 0.3609423531131833, 0.4112853186569538]], "fy": 1973.0158173771447, "fx": 1978.9973904002784}, {"id": 20, "img_name": "frame_0021.png", "width": 1060, "height": 1889, "position": [4.520173307071449, -1.060909398777903, 0.778609020614937], "rotation": [[0.0666881251272457, 0.5135333626494422, -0.8554742424018208], [-0.49681147417256366, 0.760632274470183, 0.41787187290460287], [0.8652924667980745, 0.39714232773688696, 0.30585440723035223]], "fy": 1973.0158173771447, "fx": 1978.9973904002784}, {"id": 21, "img_name": "frame_0022.png", "width": 1060, "height": 1889, "position": [4.247838480877027, -1.4064682376109827, 1.3488014005710243], "rotation": [[-0.1199007423860929, 0.5383448554477929, -0.8341514422382535], [-0.47649108548647634, 0.7059084746700403, 0.5240701010751677], [0.8709650150420412, 0.4603021203534827, 0.1718775743688068]], "fy": 1973.0158173771447, "fx": 1978.9973904002784}, {"id": 22, "img_name": "frame_0023.png", "width": 1060, "height": 1889, "position": [3.9123583746215647, -1.726160302602693, 1.9019148102033376], "rotation": [[-0.3193070974754052, 0.5520000753608251, -0.7702849435783327], [-0.44122930234808705, 0.6327551851811983, 0.6363470581182314], [0.8386654161530999, 0.543062420379049, 0.04151538655482743]], "fy": 1973.0158173771447, "fx": 1978.9973904002784}, {"id": 23, "img_name": "frame_0024.png", "width": 1060, "height": 1889, "position": [3.517940920519354, -2.0124285433923066, 2.3920786506502054], "rotation": [[-0.5082467535473539, 0.5406126916725332, -0.6703903005795607], [-0.3934067971602898, 0.5467209331109673, 0.7391395762955436], [0.7661046465442288, 0.639401391068906, -0.0651884318149345]], "fy": 1973.0158173771447, "fx": 1978.9973904002784}, {"id": 24, "img_name": "frame_0025.png", "width": 1060, "height": 1889, "position": [3.004987003673778, -2.136577748460449, 2.607372348180879], "rotation": [[-0.6461484849116074, 0.5002570803922978, -0.5763982902158961], [-0.3364711668110011, 0.49115617628934927, 0.8034629825932673], [0.6850396261175535, 0.7130977941420095, -0.14903773561928021]], "fy": 1973.0158173771447, "fx": 1978.9973904002784}, {"id": 25, "img_name": "frame_0026.png", "width": 1060, "height": 1889, "position": [2.6753722684977306, -2.2591788719173476, 2.8324428386237783], "rotation": [[-0.7509287986644735, 0.45935749987028884, -0.47444349152375176], [-0.27023470966569574, 0.4417845135123555, 0.8554528890082427], [0.6025604874435658, 0.7705953094417127, -0.20761437339019448]], "fy": 1973.0158173771447, "fx": 1978.9973904002784}, {"id": 26, "img_name": "frame_0027.png", "width": 1060, "height": 1889, "position": [2.333981262022562, -2.2649552202235728, 2.9520619160084753], "rotation": [[-0.8182083757778924, 0.4273698184482593, -0.38456480869471776], [-0.20597810069781833, 0.4065890450720474, 0.8900889677219462], [0.5367569988736266, 0.8074901774677524, -0.24464573867793998]], "fy": 1973.0158173771447, "fx": 1978.9973904002784}, {"id": 27, "img_name": "frame_0028.png", "width": 1060, "height": 1889, "position": [2.0181361031085197, -2.4263034873354163, 3.2088278145607063], "rotation": [[-0.8783493054915694, 0.37965045300930933, -0.2904617549218878], [-0.13252456588932254, 0.3904175616918498, 0.9110495963219768], [0.45928176207892596, 0.8387130981762576, -0.29260998268900446]], "fy": 1973.0158173771447, "fx": 1978.9973904002784}, {"id": 28, "img_name": "frame_0029.png", "width": 1060, "height": 1889, "position": [1.6838240292167523, -2.600086073727953, 3.519533847237943], "rotation": [[-0.9220016884839192, 0.3317516431968524, -0.19963399928115844], [-0.06792374273023023, 0.36901798539569985, 0.9269369404808595], [0.3811813893756078, 0.8681973126488514, -0.3177013923529351]], "fy": 1973.0158173771447, "fx": 1978.9973904002784}, {"id": 29, "img_name": "frame_0030.png", "width": 1060, "height": 1889, "position": [1.3117187415387566, -2.584091397900245, 3.5839886899206976], "rotation": [[-0.9399610438956044, 0.3075511976914261, -0.14793747583778222], [-0.03078213915908239, 0.35530809857466217, 0.9342422678278096], [0.3398907116522543, 0.8827051692869071, -0.32450868747492173]], "fy": 1973.0158173771447, "fx": 1978.9973904002784}, {"id": 30, "img_name": "frame_0031.png", "width": 1060, "height": 1889, "position": [0.9838117112958077, -2.558951939631117, 3.611241110228333], "rotation": [[-0.9680881829311839, 0.2445942928712528, -0.0545793180958694], [0.031346666107851924, 0.33425906851409704, 0.9419597983141377], [0.24864162280865434, 0.9101892698834128, -0.33125946989660354]], "fy": 1973.0158173771447, "fx": 1978.9973904002784}, {"id": 31, "img_name": "frame_0032.png", "width": 1060, "height": 1889, "position": [0.5524986469477577, -2.5651781501593227, 3.695791461194195], "rotation": [[-0.9866394023040165, 0.15434369848481796, 0.05216045014376607], [0.10025016280583574, 0.32278662236851363, 0.9411475449032047], [0.1284234973771394, 0.933802344802129, -0.33394698106656034]], "fy": 1973.0158173771447, "fx": 1978.9973904002784}, {"id": 32, "img_name": "frame_0033.png", "width": 1060, "height": 1889, "position": [0.17475691778354785, -2.489575108278846, 3.618913211011277], "rotation": [[-0.9868620593945703, 0.08895806604835063, 0.13486933755470387], [0.15702059505554994, 0.33148887856577697, 0.9303008417257315], [0.0380500782641558, 0.9392558681595452, -0.34110204583372217]], "fy": 1973.0158173771447, "fx": 1978.9973904002784}, {"id": 33, "img_name": "frame_0034.png", "width": 1060, "height": 1889, "position": [-0.19565409911300788, -2.398316233718147, 3.5568753614510804], "rotation": [[-0.9583866664601907, -0.016206548466798434, 0.2850128862667713], [0.2636766067667529, 0.3323715798938501, 0.905540600924573], [-0.10940587093613083, 0.9430092686000806, -0.3142672027734473]], "fy": 1973.0158173771447, "fx": 1978.9973904002784}, {"id": 34, "img_name": "frame_0035.png", "width": 1060, "height": 1889, "position": [-0.6385965206299075, -2.281788593857957, 3.4719245852520078], "rotation": [[-0.915147878508328, -0.09690289985126044, 0.39129808134224586], [0.34097781452429177, 0.33170362532115877, 0.8796060680503733], [-0.21503137088328292, 0.9383935917029789, -0.2705161299938307]], "fy": 1973.0158173771447, "fx": 1978.9973904002784}, {"id": 35, "img_name": "frame_0036.png", "width": 1060, "height": 1889, "position": [-0.979281973902377, -2.174579261304548, 3.3280554109666594], "rotation": [[-0.8817453519802055, -0.1429805169214628, 0.44953498867404473], [0.38057204580854453, 0.34746170689880645, 0.8569919954048969], [-0.2787293529759672, 0.926729158934712, -0.25195835721356635]], "fy": 1973.0158173771447, "fx": 1978.9973904002784}, {"id": 36, "img_name": "frame_0037.png", "width": 1060, "height": 1889, "position": [-1.4447728235181, -2.0885295572951943, 3.236168398308268], "rotation": [[-0.8125831266112671, -0.21797383102581672, 0.5405516361408834], [0.44238925252943195, 0.373168025415872, 0.8154982366956224], [-0.37947386154135543, 0.9017943411860309, -0.20680076066529432]], "fy": 1973.0158173771447, "fx": 1978.9973904002784}, {"id": 37, "img_name": "frame_0038.png", "width": 1060, "height": 1889, "position": [-1.7378581279341834, -1.9251585000517775, 3.0374279903975867], "rotation": [[-0.7624446455747169, -0.25610496241079717, 0.5942124289031726], [0.4818950409641446, 0.38809307141895116, 0.7855959122925541], [-0.43180473819610776, 0.8853214196805411, -0.1724837729359534]], "fy": 1973.0158173771447, "fx": 1978.9973904002784}, {"id": 38, "img_name": "frame_0039.png", "width": 1060, "height": 1889, "position": [-2.040858605274781, -1.7483424360108375, 2.7966027822075863], "rotation": [[-0.6705155736341513, -0.31548807739308754, 0.6714731108070359], [0.5399770435605725, 0.4131293600622235, 0.7333136602315281], [-0.508756973359234, 0.8542782947479065, -0.10665335053790312]], "fy": 1973.0158173771447, "fx": 1978.9973904002784}, {"id": 39, "img_name": "frame_0040.png", "width": 1060, "height": 1889, "position": [-2.4965164136694638, -1.5223215073979963, 2.528421764893134], "rotation": [[-0.5420395049761237, -0.3855084286276824, 0.7467104033708468], [0.5909038503251989, 0.4569513873895902, 0.6648519152665378], [-0.5975163719230571, 0.8016100554632182, -0.019887289009891687]], "fy": 1973.0158173771447, "fx": 1978.9973904002784}, {"id": 40, "img_name": "frame_0041.png", "width": 1060, "height": 1889, "position": [-2.6321559409668076, -1.2990616570178708, 2.186771524984957], "rotation": [[-0.45654094532876865, -0.4161476141815078, 0.7863787436403358], [0.6181757966338276, 0.4872985789639241, 0.6167647682835596], [-0.6398664311357855, 0.7676986766634283, 0.034780629016364924]], "fy": 1973.0158173771447, "fx": 1978.9973904002784}, {"id": 41, "img_name": "frame_0042.png", "width": 1060, "height": 1889, "position": [-2.785466346574443, -1.049923877330289, 1.8526314699114437], "rotation": [[-0.30799643360279894, -0.4632186940360431, 0.8310033925222561], [0.6493707776255759, 0.5360057830211702, 0.5394584263257151], [-0.6953098518314774, 0.7057805905969682, 0.1357128139958932]], "fy": 1973.0158173771447, "fx": 1978.9973904002784}, {"id": 42, "img_name": "frame_0043.png", "width": 1060, "height": 1889, "position": [-2.976923704154586, -0.7614033239211698, 1.4527310316277466], "rotation": [[-0.14443584308516141, -0.5067835010908929, 0.8498875044700535], [0.6573815623175363, 0.5928133645045812, 0.4652115608943027], [-0.7395862145532686, 0.6258935994934085, 0.2475266316095119]], "fy": 1973.0158173771447, "fx": 1978.9973904002784}, {"id": 43, "img_name": "frame_0044.png", "width": 1060, "height": 1889, "position": [-2.9688514836722972, -0.47644863688264794, 1.0774301136377502], "rotation": [[-0.029753468029720766, -0.5225046264363926, 0.852117155379922], [0.6530244657397728, 0.6352517060271453, 0.41232792427252096], [-0.7567521247314003, 0.5687215358522719, 0.32230736319908054]], "fy": 1973.0158173771447, "fx": 1978.9973904002784}, {"id": 44, "img_name": "frame_0045.png", "width": 1060, "height": 1889, "position": [-3.1498555778261412, -0.1297025196683671, 0.6167404839629967], "rotation": [[0.12705598325340847, -0.5189177333537855, 0.8453290265514836], [0.6417715143760558, 0.6928176714151546, 0.3288358215133304], [-0.7562976269002655, 0.5007275308846643, 0.42105325002803873]], "fy": 1973.0158173771447, "fx": 1978.9973904002784}, {"id": 45, "img_name": "frame_0046.png", "width": 1060, "height": 1889, "position": [-3.0975945500429583, 0.12230640169050071, 0.260934043535307], "rotation": [[0.23927786583882527, -0.5053561031997817, 0.8290725612866154], [0.6239619175059984, 0.7342526606338444, 0.2674781408907244], [-0.743920444954872, 0.4533081063811367, 0.49101337279884055]], "fy": 1973.0158173771447, "fx": 1978.9973904002784}, {"id": 46, "img_name": "frame_0047.png", "width": 1060, "height": 1889, "position": [-2.8748607771528296, 0.3609363374508358, -0.06685844660928732], "rotation": [[0.32412318909460575, -0.5027691529873596, 0.8013534408084335], [0.5994848310369769, 0.7644486740408788, 0.2371416498924416], [-0.7318210817185506, 0.4035361242336494, 0.5491780228585035]], "fy": 1973.0158173771447, "fx": 1978.9973904002784}, {"id": 47, "img_name": "frame_0048.png", "width": 1060, "height": 1889, "position": [-2.7262405393102997, 0.6501067805636203, -0.43648949783290203], "rotation": [[0.46154374552420474, -0.4783489329481244, 0.7471008428016122], [0.5432051953699055, 0.8182125111665575, 0.1882987049707433], [-0.7013597412816273, 0.31892096970551675, 0.6374824926156497]], "fy": 1973.0158173771447, "fx": 1978.9973904002784}, {"id": 48, "img_name": "frame_0049.png", "width": 1060, "height": 1889, "position": [-2.4401716730566294, 0.8548912969073441, -0.7243954754360449], "rotation": [[0.5799976582259805, -0.43843902098008575, 0.6865667784960195], [0.49634487461581384, 0.8584977822663492, 0.12893146740176328], [-0.6459446430577396, 0.26599395242332813, 0.7155436642017212]], "fy": 1973.0158173771447, "fx": 1978.9973904002784}, {"id": 49, "img_name": "frame_0050.png", "width": 1060, "height": 1889, "position": [-2.1039290901163823, 1.0978240755111686, -1.095410691552357], "rotation": [[0.6918941623568146, -0.3934415510743366, 0.6053810485840979], [0.435200628897961, 0.896300856862112, 0.08511866184957785], [-0.5760927709174809, 0.20456910782536003, 0.7913713410404469]], "fy": 1973.0158173771447, "fx": 1978.9973904002784}, {"id": 50, "img_name": "frame_0051.png", "width": 1060, "height": 1889, "position": [-1.895867677254179, 1.3026772109406488, -1.442247089489624], "rotation": [[0.795245728238456, -0.3275907386330556, 0.5101652082221374], [0.35184990826368784, 0.9346283683295024, 0.051686121624345216], [-0.4937467708991344, 0.13839841428131047, 0.8585219887405893]], "fy": 1973.0158173771447, "fx": 1978.9973904002784}, {"id": 51, "img_name": "frame_0052.png", "width": 1060, "height": 1889, "position": [-1.5803623969238099, 1.4096632192145466, -1.5750906284266981], "rotation": [[0.8582654373679335, -0.2837428819773061, 0.4276335065764167], [0.3006953510999063, 0.9532786522105717, 0.02901925337599035], [-0.41588789937498033, 0.10368118521124449, 0.903486284891286]], "fy": 1973.0158173771447, "fx": 1978.9973904002784}, {"id": 52, "img_name": "frame_0053.png", "width": 1060, "height": 1889, "position": [-1.293610461983055, 1.528398430224186, -1.8320844891365151], "rotation": [[0.9150723682278114, -0.23342169688869516, 0.3288721215420163], [0.24096618464009104, 0.9703619032645778, 0.018250330209174007], [-0.32338500083637484, 0.06254668747702355, 0.9441981005698483]], "fy": 1973.0158173771447, "fx": 1978.9973904002784}, {"id": 53, "img_name": "frame_0054.png", "width": 1060, "height": 1889, "position": [-0.9300963508063325, 1.7191306568471214, -2.1761490179257454], "rotation": [[0.9525780753691523, -0.17594321428466295, 0.24827201951323996], [0.1791915453510857, 0.9837669807974875, 0.00963937587634313], [-0.24593779782841685, 0.0353059887239656, 0.9686423936414986]], "fy": 1973.0158173771447, "fx": 1978.9973904002784}, {"id": 54, "img_name": "frame_0055.png", "width": 1060, "height": 1889, "position": [-0.540812155539463, 1.7208599605420452, -2.2058406761635925], "rotation": [[0.972971707907458, -0.13818256336379123, 0.1850179310063108], [0.13981782639342238, 0.9901681500476041, 0.004243825388024446], [-0.1837852851407396, 0.021739682921263388, 0.9827259817223822]], "fy": 1973.0158173771447, "fx": 1978.9973904002784}, {"id": 55, "img_name": "frame_0056.png", "width": 1060, "height": 1889, "position": [-0.2068722932214436, 1.7180820426892038, -2.273435435274979], "rotation": [[0.9933652911896593, -0.07116976090838639, 0.09033417621214353], [0.07128776172072503, 0.9974539361082259, 0.001923634855275503], [-0.09024108426062162, 0.004528849130895947, 0.9959096526477776]], "fy": 1973.0158173771447, "fx": 1978.9973904002784}, {"id": 56, "img_name": "frame_0057.png", "width": 1060, "height": 1889, "position": [0.25880344891446055, 1.8085353862036548, -2.4891831932321637], "rotation": [[0.9997359237758828, 0.02033698517738082, -0.010699988125093322], [-0.020332634864224406, 0.9997931378637926, 0.0005152086465379285], [0.010708252493300272, -0.0002975136405848586, 0.9999426207608981]], "fy": 1973.0158173771447, "fx": 1978.9973904002784}, {"id": 57, "img_name": "frame_0058.png", "width": 1060, "height": 1889, "position": [0.6289496583751184, 1.7728633538945724, -2.432651538844542], "rotation": [[0.9922370565766002, 0.08853780850394523, -0.08733086522829854], [-0.08818451943680618, 0.9960728069839098, 0.007902766534212732], [0.08768759369434238, -0.00014018742256130802, 0.9961480142326151]], "fy": 1973.0158173771447, "fx": 1978.9973904002784}, {"id": 58, "img_name": "frame_0059.png", "width": 1060, "height": 1889, "position": [1.0120826627208959, 1.6723497587655924, -2.3470803175980466], "rotation": [[0.969233577927341, 0.16498599610592063, -0.18266333104129542], [-0.16311607878658946, 0.9862819160863467, 0.025320482663880147], [0.18433506519230644, 0.005253864290393045, 0.9828494191129006]], "fy": 1973.0158173771447, "fx": 1978.9973904002784}, {"id": 59, "img_name": "frame_0060.png", "width": 1060, "height": 1889, "position": [1.4251199326940909, 1.6099215652499541, -2.324770518525174], "rotation": [[0.9363304420247142, 0.2318424388054879, -0.26369373694975584], [-0.22825274460065328, 0.972579069403764, 0.044616570239961434], [0.2668070237457635, 0.01841296625837469, 0.9635740629310732]], "fy": 1973.0158173771447, "fx": 1978.9973904002784}, {"id": 60, "img_name": "frame_0061.png", "width": 1060, "height": 1889, "position": [1.5391228829776535, 1.571012863437245, -2.2594065883094374], "rotation": [[0.9237365599664615, 0.24671050457564575, -0.2929926530023545], [-0.24249375271813786, 0.9687989403259727, 0.051238590104989865], [0.2964920701705232, 0.023717928984269224, 0.9547407565254007]], "fy": 1973.0158173771447, "fx": 1978.9973904002784}]